2005.11.30 00:00	1.7179	1.7349	1.7162	1.7294	8225
2005.12.01 00:00	1.7294	1.7344	1.7261	1.7313	8524
2005.12.02 00:00	1.7312	1.7379	1.7248	1.7336	7910
2005.12.05 00:00	1.7315	1.7444	1.7272	1.7423	6923
2005.12.06 00:00	1.7423	1.7454	1.7313	1.7405	6956
2005.12.07 00:00	1.7405	1.7431	1.7292	1.7354	7515
2005.12.08 00:00	1.7354	1.7562	1.7327	1.7529	7983
2005.12.09 00:00	1.7531	1.7567	1.7463	1.7551	6800
2005.12.12 00:00	1.7507	1.7774	1.7503	1.7763	8386
2005.12.13 00:00	1.7763	1.7782	1.7655	1.7703	9375
2005.12.14 00:00	1.7703	1.781	1.7683	1.7731	9418
2005.12.15 00:00	1.773	1.7747	1.7613	1.7653	9985
2005.12.16 00:00	1.7654	1.7745	1.7626	1.7723	7791
2005.12.19 00:00	1.7694	1.7733	1.7592	1.7628	7409
2005.12.20 00:00	1.7628	1.7684	1.7528	1.7549	10205
2005.12.21 00:00	1.7547	1.7594	1.7382	1.745	9218
2005.12.22 00:00	1.745	1.7457	1.7337	1.7372	7955
2005.12.23 00:00	1.7372	1.7404	1.7306	1.7347	5788
2005.12.26 00:00	1.733	1.7333	1.7329	1.7331	60
2005.12.27 00:00	1.7333	1.7385	1.7266	1.7274	4192
2005.12.28 00:00	1.7274	1.741	1.713	1.7167	8238
2005.12.29 00:00	1.7167	1.7283	1.7165	1.7249	7299
2005.12.30 00:00	1.7249	1.7297	1.7165	1.7207	7416
2006.01.02 00:00	1.7218	1.7248	1.7189	1.7194	5350
2006.01.03 00:00	1.7192	1.7461	1.7187	1.7461	9578
2006.01.04 00:00	1.7462	1.7619	1.745	1.7586	10955
2006.01.05 00:00	1.7586	1.7592	1.7487	1.7559	9490
2006.01.06 00:00	1.7559	1.7723	1.7514	1.7707	7908
2006.01.09 00:00	1.7681	1.7726	1.7628	1.7653	8317
2006.01.10 00:00	1.7653	1.7701	1.7619	1.7648	8292
2006.01.11 00:00	1.7649	1.7672	1.752	1.7644	8737
2006.01.12 00:00	1.7644	1.7727	1.7579	1.7602	9639
2006.01.13 00:00	1.7602	1.7783	1.7595	1.7758	9613
2006.01.16 00:00	1.7768	1.7798	1.7641	1.7685	8117
2006.01.17 00:00	1.7685	1.7703	1.7586	1.7678	9759
2006.01.18 00:00	1.7678	1.7706	1.7586	1.7639	9406
2006.01.19 00:00	1.7638	1.7641	1.7527	1.7596	8588
2006.01.20 00:00	1.7596	1.7725	1.7536	1.7712	8602
2006.01.23 00:00	1.7716	1.7884	1.7712	1.7874	8834
2006.01.24 00:00	1.7874	1.7898	1.7806	1.7848	8796
2006.01.25 00:00	1.7848	1.7936	1.7817	1.7838	9200
2006.01.26 00:00	1.7839	1.7891	1.7777	1.7794	8484
2006.01.27 00:00	1.7793	1.788	1.7667	1.7679	9406
2006.01.30 00:00	1.7689	1.7718	1.7635	1.7687	6780
2006.01.31 00:00	1.7687	1.786	1.7666	1.7794	8662
2006.02.01 00:00	1.7794	1.7815	1.7726	1.7746	9158
2006.02.02 00:00	1.7746	1.7815	1.7711	1.7807	11117
2006.02.03 00:00	1.7807	1.7812	1.7594	1.7618	8280
2006.02.06 00:00	1.7625	1.7642	1.7434	1.7477	2858
2006.02.07 00:00	1.7477	1.7518	1.7404	1.7448	3012
2006.02.08 00:00	1.7447	1.7476	1.7377	1.7416	3019
2006.02.09 00:00	1.7416	1.7465	1.7374	1.7415	3065
2006.02.10 00:00	1.7415	1.7576	1.741	1.7439	3940
2006.02.13 00:00	1.7434	1.7442	1.7363	1.7411	2735
2006.02.14 00:00	1.741	1.7446	1.7281	1.7364	2916
2006.02.15 00:00	1.7364	1.749	1.7332	1.7411	3342
2006.02.16 00:00	1.7411	1.7415	1.7307	1.7394	2943
2006.02.17 00:00	1.7394	1.7425	1.7333	1.7415	5836
2006.02.20 00:00	1.7416	1.7463	1.7407	1.7437	6824
2006.02.21 00:00	1.7437	1.7476	1.7415	1.7459	7640
2006.02.22 00:00	1.7459	1.7468	1.7375	1.7438	5874
2006.02.23 00:00	1.7439	1.7557	1.7414	1.7512	8424
2006.02.24 00:00	1.7512	1.7538	1.7428	1.7443	7988
2006.02.27 00:00	1.7433	1.7453	1.7377	1.7402	7253
2006.02.28 00:00	1.7402	1.757	1.7376	1.7534	9101
2006.03.01 00:00	1.7534	1.7596	1.7462	1.75	8691
2006.03.02 00:00	1.7501	1.755	1.7434	1.7535	8870
2006.03.03 00:00	1.7535	1.7588	1.7501	1.7542	9121
2006.03.06 00:00	1.7563	1.7625	1.7466	1.7505	6973
2006.03.07 00:00	1.7504	1.751	1.733	1.736	10043
2006.03.08 00:00	1.736	1.742	1.7344	1.7389	8520
2006.03.09 00:00	1.7389	1.7414	1.7345	1.7357	8379
2006.03.10 00:00	1.7357	1.7398	1.7231	1.7268	7672
2006.03.13 00:00	1.7262	1.7337	1.7233	1.7329	7032
2006.03.14 00:00	1.7329	1.7486	1.7327	1.7463	8175
2006.03.15 00:00	1.7463	1.7496	1.742	1.7483	9439
2006.03.16 00:00	1.7483	1.7597	1.744	1.7573	9846
2006.03.17 00:00	1.7573	1.7581	1.7512	1.7568	11767
2006.03.20 00:00	1.7554	1.7588	1.7528	1.7563	4352
2006.03.21 00:00	1.7563	1.7565	1.7451	1.7477	3027
2006.03.22 00:00	1.7477	1.7509	1.7453	1.7473	2570
2006.03.23 00:00	1.7472	1.7477	1.7328	1.7348	7820
2006.03.24 00:00	1.7349	1.7445	1.731	1.7434	6793
2006.03.27 00:00	1.7432	1.7496	1.7415	1.7465	6283
2006.03.28 00:00	1.7465	1.7539	1.7427	1.7439	8104
2006.03.29 00:00	1.7439	1.7444	1.7317	1.7351	7546
2006.03.30 00:00	1.7351	1.7485	1.7335	1.7467	7809
2006.03.31 00:00	1.7467	1.7479	1.7336	1.7364	7857
2006.04.03 00:00	1.7368	1.7407	1.7251	1.7393	7929
2006.04.04 00:00	1.7393	1.7579	1.7369	1.7551	5351
2006.04.05 00:00	1.7551	1.7618	1.7481	1.7539	2874
2006.04.06 00:00	1.7539	1.7598	1.7489	1.7533	4390
2006.04.07 00:00	1.7533	1.7535	1.7394	1.7437	3899
2006.04.10 00:00	1.7429	1.7473	1.7376	1.7428	6882
2006.04.11 00:00	1.7428	1.7496	1.7393	1.749	7642
2006.04.12 00:00	1.7491	1.7575	1.7462	1.7495	8316
2006.04.13 00:00	1.7496	1.7562	1.7483	1.7526	8364
2006.04.14 00:00	1.7527	1.7533	1.7508	1.7511	3131
2006.04.17 00:00	1.7533	1.7749	1.753	1.7692	6548
2006.04.18 00:00	1.7691	1.7836	1.7678	1.7833	8860
2006.04.19 00:00	1.7834	1.7937	1.7795	1.793	9463
2006.04.20 00:00	1.7929	1.7934	1.7756	1.7788	8918
2006.04.21 00:00	1.7788	1.7849	1.775	1.7826	7792
2006.04.24 00:00	1.7868	1.7932	1.7794	1.7882	7944
2006.04.25 00:00	1.7881	1.7944	1.7826	1.7884	8725
2006.04.26 00:00	1.7883	1.791	1.7802	1.7846	9212
2006.04.27 00:00	1.7846	1.8048	1.7821	1.8016	8403
2006.04.28 00:00	1.8016	1.8246	1.8	1.8237	8566
2006.05.01 00:00	1.8238	1.8417	1.8205	1.8263	8471
2006.05.02 00:00	1.8264	1.8427	1.8207	1.8397	9733
2006.05.03 00:00	1.8397	1.8479	1.8354	1.8421	10005
2006.05.04 00:00	1.8421	1.8549	1.8335	1.8514	9216
2006.05.05 00:00	1.8515	1.8625	1.8475	1.8585	9578
2006.05.08 00:00	1.8628	1.869	1.8549	1.8592	8097
2006.05.09 00:00	1.8592	1.869	1.8515	1.8668	3504
2006.05.10 00:00	1.8667	1.8731	1.8602	1.8638	4117
2006.05.11 00:00	1.8638	1.8858	1.853	1.8826	4294
2006.05.12 00:00	1.8824	1.8999	1.8816	1.8948	5027
2006.05.15 00:00	1.8966	1.8998	1.8764	1.8795	4230
2006.05.16 00:00	1.8796	1.8898	1.8747	1.888	4314
2006.05.17 00:00	1.8879	1.9027	1.8775	1.8829	7460
2006.05.18 00:00	1.8829	1.8949	1.8793	1.8934	13573
2006.05.19 00:00	1.8935	1.8965	1.8701	1.878	15010
2006.05.22 00:00	1.8766	1.8889	1.8633	1.887	11022
2006.05.23 00:00	1.8869	1.8887	1.8777	1.8801	12521
2006.05.24 00:00	1.88	1.8862	1.8653	1.8689	16717
2006.05.25 00:00	1.8689	1.8747	1.8665	1.8732	13414
2006.05.26 00:00	1.8733	1.8776	1.8531	1.8567	13935
2006.05.29 00:00	1.8579	1.8644	1.8562	1.8599	6550
2006.05.30 00:00	1.8599	1.887	1.858	1.884	11662
2006.05.31 00:00	1.8839	1.8856	1.8686	1.8698	8979
2006.06.01 00:00	1.8699	1.8726	1.8566	1.8657	10210
2006.06.02 00:00	1.8658	1.8862	1.861	1.8836	6015
2006.06.05 00:00	1.8835	1.888	1.8718	1.8724	3280
2006.06.06 00:00	1.8724	1.8774	1.8591	1.8604	3458
2006.06.07 00:00	1.8604	1.8649	1.8529	1.8546	3456
2006.06.08 00:00	1.8546	1.8579	1.8371	1.8424	3922
2006.06.09 00:00	1.8425	1.8485	1.8367	1.8409	3471
2006.06.12 00:00	1.8394	1.847	1.8381	1.8424	3013
2006.06.13 00:00	1.8424	1.8457	1.8317	1.8328	4080
2006.06.14 00:00	1.8328	1.8501	1.8326	1.8424	3753
2006.06.15 00:00	1.8423	1.8549	1.8419	1.8496	3636
2006.06.16 00:00	1.8496	1.8561	1.8471	1.8496	2925
2006.06.19 00:00	1.8518	1.8533	1.8369	1.8415	2823
2006.06.20 00:00	1.8415	1.8461	1.8369	1.8419	3030
2006.06.21 00:00	1.842	1.8475	1.8408	1.8451	2732
2006.06.22 00:00	1.845	1.847	1.8262	1.8281	3190
2006.06.23 00:00	1.8281	1.8315	1.813	1.8183	3310
2006.06.26 00:00	1.8188	1.8247	1.8162	1.8236	2972
2006.06.27 00:00	1.8235	1.8265	1.8186	1.8214	3001
2006.06.28 00:00	1.8214	1.8242	1.8142	1.8187	2770
2006.06.29 00:00	1.8187	1.83	1.809	1.8281	3300
2006.06.30 00:00	1.8282	1.8499	1.8263	1.8491	3299
2006.07.03 00:00	1.8475	1.849	1.8384	1.8423	2816
2006.07.04 00:00	1.8422	1.8481	1.8414	1.8464	2450
2006.07.05 00:00	1.8465	1.8488	1.8326	1.8345	3013
2006.07.06 00:00	1.8345	1.8409	1.8333	1.8373	2737
2006.07.07 00:00	1.8372	1.8541	1.8354	1.8517	2886
2006.07.10 00:00	1.8501	1.8523	1.8368	1.8405	2770
2006.07.11 00:00	1.8406	1.8475	1.8366	1.8464	2907
2006.07.12 00:00	1.8464	1.8481	1.831	1.8348	3231
2006.07.13 00:00	1.8348	1.847	1.8331	1.844	3135
2006.07.14 00:00	1.8441	1.845	1.834	1.8377	3140
2006.07.17 00:00	1.8376	1.8389	1.8177	1.8185	2814
2006.07.18 00:00	1.8185	1.833	1.8183	1.8262	3397
2006.07.19 00:00	1.8262	1.8443	1.823	1.8419	3658
2006.07.20 00:00	1.8418	1.852	1.8414	1.8487	3224
2006.07.21 00:00	1.8487	1.86	1.8469	1.8589	2835
2006.07.24 00:00	1.8591	1.8598	1.8481	1.8512	2542
2006.07.25 00:00	1.8512	1.8538	1.8385	1.8394	2999
2006.07.26 00:00	1.8394	1.8551	1.839	1.8546	2915
2006.07.27 00:00	1.8547	1.8677	1.8527	1.8575	3292
2006.07.28 00:00	1.8574	1.8668	1.8545	1.8629	3331
2006.07.31 00:00	1.8629	1.869	1.8618	1.8676	2874
2006.08.01 00:00	1.8675	1.8762	1.8628	1.8762	3265
2006.08.02 00:00	1.8764	1.8796	1.8731	1.8769	2859
2006.08.03 00:00	1.877	1.8916	1.87	1.8878	3800
2006.08.04 00:00	1.8876	1.913	1.8853	1.9082	3271
2006.08.07 00:00	1.9074	1.9117	1.9044	1.9068	2496
2006.08.08 00:00	1.9068	1.9145	1.9033	1.9076	3163
2006.08.09 00:00	1.9076	1.9111	1.8972	1.9046	3043
2006.08.10 00:00	1.9047	1.9091	1.8868	1.8935	3641
2006.08.11 00:00	1.8935	1.8991	1.8886	1.8908	3065
2006.08.14 00:00	1.8898	1.8953	1.8842	1.8876	2758
2006.08.15 00:00	1.8876	1.898	1.8854	1.8939	3245
2006.08.16 00:00	1.8938	1.9026	1.888	1.8953	2747
2006.08.17 00:00	1.8954	1.901	1.8821	1.8851	3037
2006.08.18 00:00	1.8851	1.887	1.8776	1.8818	2854
2006.08.21 00:00	1.8814	1.8998	1.8812	1.8942	2843
2006.08.22 00:00	1.8942	1.8951	1.8855	1.8881	3146
2006.08.23 00:00	1.8882	1.8997	1.8864	1.8935	2914
2006.08.24 00:00	1.8936	1.8974	1.8859	1.8871	3259
2006.08.25 00:00	1.887	1.8918	1.883	1.8873	3292
2006.08.28 00:00	1.8874	1.8993	1.8862	1.8929	2441
2006.08.29 00:00	1.8929	1.9029	1.8898	1.8983	3409
2006.08.30 00:00	1.8983	1.9062	1.8971	1.9044	3075
2006.08.31 00:00	1.9044	1.9093	1.8995	1.9047	3453
2006.09.01 00:00	1.9047	1.907	1.8956	1.9062	3533
2006.09.04 00:00	1.9064	1.9083	1.9031	1.9071	2311
2006.09.05 00:00	1.9071	1.9073	1.8913	1.8945	2818
2006.09.06 00:00	1.8946	1.8958	1.8794	1.8844	3264
2006.09.07 00:00	1.8843	1.8871	1.8707	1.8758	3552
2006.09.08 00:00	1.8759	1.8774	1.8628	1.8652	3453
2006.09.11 00:00	1.8653	1.8708	1.8602	1.8658	2006
2006.09.12 00:00	1.8657	1.8774	1.8627	1.8746	2672
2006.09.13 00:00	1.8747	1.878	1.8709	1.8761	3928
2006.09.14 00:00	1.876	1.8921	1.8755	1.8868	7978
2006.09.15 00:00	1.8867	1.8883	1.8754	1.8804	7216
2006.09.18 00:00	1.8778	1.8842	1.8736	1.8804	6831
2006.09.19 00:00	1.8803	1.8889	1.8773	1.8824	8961
2006.09.20 00:00	1.8825	1.8931	1.8803	1.8886	7653
2006.09.21 00:00	1.8885	1.9034	1.8864	1.9022	9071
2006.09.22 00:00	1.9023	1.9065	1.8994	1.901	4402
2006.09.25 00:00	1.9008	1.9075	1.8983	1.8998	6814
2006.09.26 00:00	1.8998	1.9029	1.8932	1.8944	7493
2006.09.27 00:00	1.8944	1.8963	1.8853	1.8892	8312
2006.09.28 00:00	1.8893	1.8918	1.8724	1.8771	8373
2006.09.29 00:00	1.8771	1.8782	1.8634	1.8722	7997
2006.10.02 00:00	1.8747	1.8878	1.8677	1.8869	6764
2006.10.03 00:00	1.8869	1.89	1.8856	1.8877	6415
2006.10.04 00:00	1.8877	1.8887	1.8786	1.8862	6876
2006.10.05 00:00	1.8862	1.8871	1.8751	1.8794	6054
2006.10.06 00:00	1.8794	1.888	1.8674	1.8709	7605
2006.10.09 00:00	1.869	1.8715	1.8635	1.8672	5326
2006.10.10 00:00	1.8673	1.8705	1.8527	1.8542	8150
2006.10.11 00:00	1.8542	1.859	1.8516	1.8536	6864
2006.10.12 00:00	1.8538	1.8614	1.8532	1.8591	6771
2006.10.13 00:00	1.8591	1.8641	1.8534	1.8564	7252
2006.10.16 00:00	1.8553	1.865	1.8523	1.8617	7618
2006.10.17 00:00	1.8616	1.8738	1.8608	1.8708	7963
2006.10.18 00:00	1.8706	1.8741	1.8663	1.868	7003
2006.10.19 00:00	1.8681	1.8801	1.8665	1.8778	7468
2006.10.20 00:00	1.8778	1.886	1.8755	1.8835	6351
2006.10.23 00:00	1.883	1.8833	1.8686	1.8736	6413
2006.10.24 00:00	1.8736	1.877	1.8674	1.8729	5762
2006.10.25 00:00	1.8728	1.8801	1.8719	1.8773	6394
2006.10.26 00:00	1.8773	1.8926	1.8769	1.8908	6717
2006.10.27 00:00	1.8907	1.9005	1.8871	1.8968	4305
2006.10.30 00:00	1.8963	1.9044	1.8954	1.9013	3915
2006.10.31 00:00	1.9013	1.9101	1.8959	1.9073	6547
2006.11.01 00:00	1.9073	1.9138	1.9055	1.9088	6078
2006.11.02 00:00	1.9088	1.9109	1.9034	1.9086	5818
2006.11.03 00:00	1.9086	1.9117	1.8976	1.9008	5851
2006.11.06 00:00	1.9018	1.903	1.8949	1.8977	1179
2006.11.07 00:00	1.8977	1.9124	1.897	1.906	2239
2006.11.08 00:00	1.906	1.9099	1.9008	1.9055	3707
2006.11.09 00:00	1.9055	1.9086	1.8975	1.9052	4910
2006.11.10 00:00	1.9053	1.9181	1.9051	1.9109	5827
2006.11.13 00:00	1.9123	1.9156	1.8997	1.9012	4509
2006.11.14 00:00	1.9011	1.9053	1.8924	1.8955	4008
2006.11.15 00:00	1.8955	1.8973	1.8837	1.8891	4422
2006.11.16 00:00	1.889	1.8935	1.8852	1.8885	2696
2006.11.17 00:00	1.8884	1.8968	1.8836	1.8947	4733
2006.11.20 00:00	1.8946	1.8989	1.8932	1.8976	2042
2006.11.21 00:00	1.8977	1.9006	1.8962	1.899	3133
2006.11.22 00:00	1.899	1.9169	1.8984	1.9146	4248
2006.11.23 00:00	1.9146	1.917	1.9129	1.9157	4160
2006.11.24 00:00	1.9157	1.9352	1.9146	1.9315	6538
2006.11.27 00:00	1.939	1.9413	1.9306	1.9381	3852
2006.11.28 00:00	1.9384	1.9535	1.9368	1.9517	6374
2006.11.29 00:00	1.9518	1.9546	1.9434	1.9465	5672
2006.11.30 00:00	1.9465	1.97	1.9448	1.9661	6848
2006.12.01 00:00	1.966	1.985	1.9635	1.9798	5614
2006.12.04 00:00	1.9837	1.9841	1.9725	1.9816	6750
2006.12.05 00:00	1.9816	1.9823	1.9678	1.9732	5437
2006.12.06 00:00	1.9732	1.9741	1.9617	1.9664	4375
2006.12.07 00:00	1.9664	1.9713	1.9612	1.9632	5373
2006.12.08 00:00	1.9632	1.973	1.9513	1.9533	6416
2006.12.11 00:00	1.9531	1.9597	1.9466	1.9581	4402
2006.12.12 00:00	1.958	1.9717	1.9575	1.9714	6767
2006.12.13 00:00	1.9713	1.973	1.9606	1.967	5005
2006.12.14 00:00	1.967	1.9715	1.9579	1.9603	4355
2006.12.15 00:00	1.9603	1.9666	1.9499	1.9518	4775
2006.12.18 00:00	1.953	1.9581	1.9434	1.9477	4085
2006.12.19 00:00	1.9476	1.9703	1.9465	1.9694	5497
2006.12.20 00:00	1.9695	1.9751	1.9618	1.9646	5723
2006.12.21 00:00	1.9645	1.97	1.9558	1.9615	4088
2006.12.22 00:00	1.9615	1.9684	1.956	1.9595	3906
2006.12.26 00:00	1.9591	1.9601	1.9515	1.9536	2613
2006.12.27 00:00	1.9537	1.9633	1.9527	1.9563	4466
2006.12.28 00:00	1.9562	1.968	1.9555	1.9631	4912
2006.12.29 00:00	1.9632	1.9671	1.9567	1.9579	4640
2007.01.01 00:00	1.9591	1.9591	1.9583	1.9583	9
2007.01.02 00:00	1.9617	1.9744	1.9614	1.9736	4526
2007.01.03 00:00	1.9735	1.9753	1.9483	1.9515	5271
2007.01.04 00:00	1.9514	1.9534	1.9398	1.9429	3682
2007.01.05 00:00	1.9428	1.9448	1.9264	1.9301	6990
2007.01.08 00:00	1.9303	1.9406	1.9261	1.9379	5450
2007.01.09 00:00	1.9379	1.9457	1.9375	1.9398	2986
2007.01.10 00:00	1.9397	1.9424	1.9315	1.9322	3225
2007.01.11 00:00	1.9322	1.9537	1.9317	1.9452	3990
2007.01.12 00:00	1.9448	1.9604	1.9425	1.9585	6345
2007.01.15 00:00	1.9593	1.9667	1.957	1.9644	4337
2007.01.16 00:00	1.9643	1.9705	1.9591	1.9613	5284
2007.01.17 00:00	1.9612	1.9722	1.96	1.9697	5370
2007.01.18 00:00	1.9698	1.9778	1.9635	1.9741	6187
2007.01.19 00:00	1.9742	1.9771	1.9694	1.9744	3877
2007.01.22 00:00	1.9752	1.9785	1.9716	1.9758	3097
2007.01.23 00:00	1.9764	1.9914	1.9752	1.9812	6467
2007.01.24 00:00	1.981	1.9835	1.9644	1.9694	7535
2007.01.25 00:00	1.9693	1.9733	1.9625	1.9642	8612
2007.01.26 00:00	1.9643	1.9679	1.9557	1.9593	6686
2007.01.29 00:00	1.961	1.9613	1.9547	1.9609	4922
2007.01.30 00:00	1.9606	1.9695	1.9596	1.9625	6589
2007.01.31 00:00	1.9623	1.9664	1.948	1.9651	8223
2007.02.01 00:00	1.965	1.9735	1.9621	1.9666	7011
2007.02.02 00:00	1.9667	1.9743	1.9634	1.966	5096
2007.02.05 00:00	1.9653	1.9666	1.9536	1.9608	5599
2007.02.06 00:00	1.9605	1.972	1.9588	1.9709	6153
2007.02.07 00:00	1.9708	1.9732	1.9673	1.9704	6604
2007.02.08 00:00	1.9702	1.9727	1.9541	1.9587	6176
2007.02.09 00:00	1.9586	1.96	1.9456	1.9489	6715
2007.02.12 00:00	1.9518	1.9565	1.9436	1.9468	5780
2007.02.13 00:00	1.9467	1.9522	1.9401	1.9466	5755
2007.02.14 00:00	1.9468	1.9639	1.9453	1.9626	7297
2007.02.15 00:00	1.9625	1.9676	1.9508	1.9509	7255
2007.02.16 00:00	1.9506	1.9539	1.9463	1.9496	6054
2007.02.19 00:00	1.9542	1.9559	1.9436	1.9513	4710
2007.02.20 00:00	1.9512	1.9575	1.9477	1.955	6715
2007.02.21 00:00	1.9549	1.959	1.9486	1.9539	6031
2007.02.22 00:00	1.954	1.9599	1.9461	1.9563	5954
2007.02.23 00:00	1.9564	1.9651	1.9535	1.9631	6747
2007.02.26 00:00	1.9642	1.9673	1.9608	1.9635	6009
2007.02.27 00:00	1.9632	1.9672	1.9592	1.9619	7974
2007.02.28 00:00	1.962	1.9644	1.9517	1.9636	9185
2007.03.01 00:00	1.9634	1.965	1.9553	1.9583	8691
2007.03.02 00:00	1.9587	1.9587	1.9412	1.9433	7737
2007.03.05 00:00	1.9443	1.9446	1.9183	1.9203	9710
2007.03.06 00:00	1.9206	1.9321	1.9184	1.9314	6602
2007.03.07 00:00	1.9313	1.936	1.9258	1.9328	6789
2007.03.08 00:00	1.9327	1.9352	1.9272	1.9282	7509
2007.03.09 00:00	1.9284	1.9333	1.9266	1.9319	6949
2007.03.12 00:00	1.9344	1.9432	1.925	1.9326	7005
2007.03.13 00:00	1.9328	1.9353	1.927	1.9281	6691
2007.03.14 00:00	1.9282	1.9371	1.9211	1.934	9805
2007.03.15 00:00	1.9342	1.9392	1.9306	1.9362	7681
2007.03.16 00:00	1.9363	1.9503	1.9356	1.9478	8440
2007.03.19 00:00	1.9401	1.948	1.9393	1.9452	7634
2007.03.20 00:00	1.9449	1.9622	1.943	1.9616	7919
2007.03.21 00:00	1.9615	1.9691	1.9554	1.9687	6782
2007.03.22 00:00	1.9688	1.9724	1.961	1.9643	7396
2007.03.23 00:00	1.9644	1.9689	1.9586	1.9613	6845
2007.03.26 00:00	1.9601	1.972	1.9569	1.9691	9139
2007.03.27 00:00	1.9694	1.9703	1.9618	1.9655	6449
2007.03.28 00:00	1.9656	1.9682	1.9598	1.9615	8187
2007.03.29 00:00	1.9614	1.9657	1.9612	1.9617	6908
2007.03.30 00:00	1.9616	1.9717	1.9545	1.9678	9305
2007.04.02 00:00	1.9691	1.98	1.9661	1.9776	17109
2007.04.03 00:00	1.9778	1.9824	1.9728	1.9741	22708
2007.04.04 00:00	1.974	1.9775	1.9715	1.976	15292
2007.04.05 00:00	1.9762	1.977	1.9668	1.9707	15330
2007.04.06 00:00	1.9706	1.9721	1.9634	1.9652	8787
2007.04.09 00:00	1.965	1.9654	1.959	1.9625	2153
2007.04.10 00:00	1.9624	1.975	1.961	1.9727	22391
2007.04.11 00:00	1.9729	1.9807	1.9708	1.9748	20847
2007.04.12 00:00	1.9747	1.981	1.9724	1.9791	18635
2007.04.13 00:00	1.979	1.9886	1.978	1.9861	23381
2007.04.16 00:00	1.9863	1.9939	1.9861	1.9895	16564
2007.04.17 00:00	1.9892	2.0075	1.9879	2.0066	19067
2007.04.18 00:00	2.0067	2.0133	2.0013	2.0085	19729
2007.04.19 00:00	2.0084	2.0094	1.9983	2.0032	21014
2007.04.20 00:00	2.0033	2.0068	1.9987	2.0022	19657
2007.04.23 00:00	2.0052	2.0059	1.9973	2.0007	15908
2007.04.24 00:00	2.0008	2.0045	1.9954	2.0017	18036
2007.04.25 00:00	2.0018	2.0062	2.0004	2.0012	19558
2007.04.26 00:00	2.0015	2.006	1.9887	1.9912	22264
2007.04.27 00:00	1.9911	2.0044	1.9863	1.9972	20928
2007.04.30 00:00	1.996	1.9969	1.9958	1.9964	99
2007.05.01 00:00	1.9994	2.0072	1.998	1.9985	3149
2007.05.02 00:00	1.9986	1.9998	1.9867	1.9898	33281
2007.05.03 00:00	1.9896	1.9947	1.9853	1.9864	27885
2007.05.04 00:00	1.9866	1.9942	1.9842	1.9921	29355
2007.05.07 00:00	1.9937	1.9975	1.9923	1.9926	16378
2007.05.08 00:00	1.9925	1.9963	1.9878	1.9892	28118
2007.05.09 00:00	1.9894	1.9998	1.9881	1.9936	27564
2007.05.10 00:00	1.9938	1.9962	1.9769	1.9798	30531
2007.05.11 00:00	1.98	1.9844	1.976	1.9812	28374
2007.05.14 00:00	1.9816	1.9845	1.9778	1.9794	20263
2007.05.15 00:00	1.9793	1.9872	1.9745	1.9859	32216
2007.05.16 00:00	1.9858	1.9874	1.9756	1.9768	30161
2007.05.17 00:00	1.9769	1.9791	1.9731	1.9746	24493
2007.05.18 00:00	1.9744	1.9779	1.9698	1.9744	24913
2007.05.21 00:00	1.9743	1.9755	1.9675	1.9713	24766
2007.05.22 00:00	1.9714	1.9769	1.97	1.9744	26737
2007.05.23 00:00	1.9743	1.99	1.9714	1.9863	34984
2007.05.24 00:00	1.9864	1.9891	1.9828	1.9845	31480
2007.05.25 00:00	1.9846	1.988	1.9828	1.9835	30800
2007.05.28 00:00	1.9836	1.985	1.9823	1.9833	3470
2007.05.29 00:00	1.9835	1.9899	1.9786	1.9811	26450
2007.05.30 00:00	1.981	1.983	1.9732	1.9759	23925
2007.05.31 00:00	1.9758	1.9818	1.9736	1.9796	23403
2007.06.01 00:00	1.9795	1.9841	1.9766	1.9821	23514
2007.06.04 00:00	1.982	1.9927	1.9812	1.9912	20236
2007.06.05 00:00	1.9913	1.9967	1.9907	1.9931	21883
2007.06.06 00:00	1.9932	1.9956	1.9886	1.9923	18972
2007.06.07 00:00	1.9924	1.9942	1.9746	1.9778	27156
2007.06.08 00:00	1.9776	1.9791	1.9621	1.9699	30237
2007.06.11 00:00	1.9691	1.9702	1.9648	1.969	20208
2007.06.12 00:00	1.9689	1.9782	1.9685	1.9742	24421
2007.06.13 00:00	1.974	1.9758	1.9676	1.9728	28088
2007.06.14 00:00	1.973	1.9735	1.9656	1.969	23453
2007.06.15 00:00	1.9691	1.9779	1.9685	1.9756	21963
2007.06.18 00:00	1.9758	1.9843	1.9755	1.9831	22257
2007.06.19 00:00	1.9834	1.9889	1.9823	1.9885	22601
2007.06.20 00:00	1.9889	1.9947	1.9869	1.9929	23173
2007.06.21 00:00	1.993	1.9941	1.9885	1.9923	23378
2007.06.22 00:00	1.9922	1.9996	1.991	1.9993	23304
2007.06.25 00:00	1.9985	2.0005	1.9956	1.9972	11563
2007.06.26 00:00	1.9957	2.0015	1.9957	1.9986	6347
2007.06.27 00:00	1.9989	1.9994	1.9927	1.9991	24928
2007.06.28 00:00	1.9994	2.0043	1.9974	2.0027	26398
2007.06.29 00:00	2.0025	2.0089	2.0009	2.0086	27775
2007.07.02 00:00	2.0084	2.0186	2.007	2.0167	23863
2007.07.03 00:00	2.0166	2.0195	2.0131	2.0156	20276
2007.07.04 00:00	2.0157	2.0205	2.0149	2.0163	15213
2007.07.05 00:00	2.0161	2.0201	2.0088	2.0114	25552
2007.07.06 00:00	2.012	2.0144	2.0056	2.0106	21998
2007.07.09 00:00	2.0115	2.0173	2.0096	2.015	17846
2007.07.10 00:00	2.0153	2.0281	2.012	2.0277	25848
2007.07.11 00:00	2.0278	2.0363	2.0243	2.0322	31697
2007.07.12 00:00	2.032	2.0363	2.0268	2.0303	25640
2007.07.13 00:00	2.0307	2.0365	2.0259	2.0342	23638
2007.07.16 00:00	2.0336	2.0403	2.0323	2.0361	17702
2007.07.17 00:00	2.0362	2.0474	2.0347	2.047	23745
2007.07.18 00:00	2.0471	2.0549	2.0458	2.0527	29267
2007.07.19 00:00	2.0529	2.0543	2.0468	2.0487	25180
2007.07.20 00:00	2.0486	2.0587	2.0476	2.056	25661
2007.07.23 00:00	2.0551	2.0603	2.052	2.0592	18894
2007.07.24 00:00	2.0594	2.0652	2.0583	2.0628	23337
2007.07.25 00:00	2.0626	2.063	2.0484	2.0536	32420
2007.07.26 00:00	2.0539	2.0561	2.0423	2.0488	35396
2007.07.27 00:00	2.0489	2.0493	2.0228	2.0233	35999
2007.07.30 00:00	2.0204	2.0289	2.018	2.0245	30235
2007.07.31 00:00	2.0244	2.0376	2.0234	2.031	31150
2007.08.01 00:00	2.0312	2.0349	2.0201	2.032	35866
2007.08.02 00:00	2.0318	2.0378	2.0279	2.0373	31062
2007.08.03 00:00	2.0372	2.046	2.0336	2.0406	27334
2007.08.06 00:00	2.0419	2.0461	1.9781	2.0312	27439
2007.08.07 00:00	2.0313	2.0336	2.0187	2.0211	16511
2007.08.08 00:00	2.0212	2.0396	2.0155	2.037	19032
2007.08.09 00:00	2.0371	2.0397	2.0208	2.0231	29173
2007.08.10 00:00	2.0233	2.0268	2.0151	2.023	26654
2007.08.13 00:00	2.0216	2.0258	2.0083	2.0123	30753
2007.08.14 00:00	2.0124	2.0131	1.9961	1.9968	40204
2007.08.15 00:00	1.9964	1.9978	1.9853	1.9887	45889
2007.08.16 00:00	1.9886	1.989	1.9768	1.9827	50649
2007.08.17 00:00	1.9826	1.9936	1.965	1.9802	17175
2007.08.20 00:00	1.9812	1.9899	1.9767	1.9877	7044
2007.08.21 00:00	1.9875	1.9904	1.9742	1.9816	6365
2007.08.22 00:00	1.9812	1.9928	1.98	1.9925	4828
2007.08.23 00:00	1.9926	2.009	1.992	2.0056	10380
2007.08.24 00:00	2.0057	2.015	1.9978	2.0142	30229
2007.08.27 00:00	2.0155	2.0189	2.0117	2.0121	19863
2007.08.28 00:00	2.012	2.0138	2	2.0017	13225
2007.08.29 00:00	2.0018	2.0181	1.996	2.0176	31640
2007.08.30 00:00	2.0174	2.0185	1.9917	2.0116	36824
2007.08.31 00:00	2.012	2.0232	2.0108	2.017	34619
2007.09.03 00:00	2.0162	2.0212	1.9915	2.0182	16756
2007.09.04 00:00	2.0183	2.0194	2.0073	2.0129	27437
2007.09.05 00:00	2.0128	2.0224	2.0041	2.0192	29363
2007.09.06 00:00	2.0194	2.0265	2.014	2.0235	30307
2007.09.07 00:00	2.0236	2.0323	2.0158	2.0286	24702
2007.09.10 00:00	2.0279	2.0329	2.0261	2.0274	19538
2007.09.11 00:00	2.0275	2.0335	2.023	2.0331	29287
2007.09.12 00:00	2.033	2.0364	2.0285	2.029	33447
2007.09.13 00:00	2.0293	2.0346	2.0233	2.025	34067
2007.09.14 00:00	2.0251	2.0252	2.0054	2.0072	39976
2007.09.17 00:00	2.0059	2.0094	1.9914	1.9946	26609
2007.09.18 00:00	1.9945	2.015	1.9878	2.013	31674
2007.09.19 00:00	2.0128	2.0174	1.9949	2.0006	32424
2007.09.20 00:00	2.0005	2.0146	1.9972	2.0075	29107
2007.09.21 00:00	2.0076	2.0213	2.0075	2.02	26178
2007.09.24 00:00	2.0208	2.0321	2.0196	2.022	22935
2007.09.25 00:00	2.0221	2.023	2.0083	2.0185	39348
2007.09.26 00:00	2.0184	2.0216	2.0103	2.0156	32072
2007.09.27 00:00	2.0155	2.0284	2.0135	2.0274	29195
2007.09.28 00:00	2.0273	2.0488	2.0195	2.0468	39729
2007.10.01 00:00	2.0453	2.0497	2.0376	2.0427	25259
2007.10.02 00:00	2.0426	2.0446	2.0368	2.0405	28778
2007.10.03 00:00	2.0407	2.0444	2.0309	2.0321	32337
2007.10.04 00:00	2.032	2.0428	2.0277	2.0387	31113
2007.10.05 00:00	2.0386	2.0443	2.0302	2.042	26351
2007.10.08 00:00	2.0415	2.0426	2.0331	2.0359	3887
2007.10.09 00:00	2.036	2.0387	2.0257	2.0375	5283
2007.10.10 00:00	2.0376	2.0476	2.0365	2.0424	3497
2007.10.11 00:00	2.0423	2.0426	2.0309	2.0316	16855
2007.10.12 00:00	2.0317	2.0366	2.0245	2.0359	29708
2007.10.15 00:00	2.0349	2.0436	2.032	2.0428	8996
2007.10.16 00:00	2.0429	2.0436	2.0293	2.0328	28601
2007.10.17 00:00	2.0331	2.0419	2.0285	2.0401	45598
2007.10.18 00:00	2.04	2.0513	2.0381	2.0443	43534
2007.10.19 00:00	2.0442	2.0525	2.0407	2.0517	48030
2007.10.22 00:00	2.0533	2.0538	2.0257	2.0331	52251
2007.10.23 00:00	2.033	2.0517	2.0303	2.0508	42919
2007.10.24 00:00	2.0509	2.0517	2.0425	2.0497	45955
2007.10.25 00:00	2.0495	2.0555	2.0451	2.0512	43577
2007.10.26 00:00	2.0511	2.0573	2.048	2.0521	34435
2007.10.29 00:00	2.0539	2.0643	2.0528	2.0623	37372
2007.10.30 00:00	2.0622	2.0703	2.0564	2.068	38644
2007.10.31 00:00	2.0679	2.0824	2.0671	2.0812	46787
2007.11.01 00:00	2.0813	2.0875	2.0753	2.0775	49128
2007.11.02 00:00	2.0774	2.0903	2.0765	2.0894	40105
2007.11.05 00:00	2.0889	2.0894	2.0781	2.0805	42196
2007.11.06 00:00	2.0804	2.0907	2.0802	2.0878	40572
2007.11.07 00:00	2.0877	2.1072	2.0859	2.1021	54388
2007.11.08 00:00	2.1025	2.1118	2.0971	2.1074	55902
2007.11.09 00:00	2.1076	2.1162	2.0878	2.0911	46294
2007.11.12 00:00	2.0825	2.0871	2.0527	2.0529	61393
2007.11.13 00:00	2.053	2.0762	2.0523	2.0707	57665
2007.11.14 00:00	2.0708	2.0854	2.0504	2.0525	64136
2007.11.15 00:00	2.0522	2.0618	2.0417	2.0452	54535
2007.11.16 00:00	2.0451	2.0532	2.0352	2.052	50424
2007.11.19 00:00	2.0533	2.0568	2.0451	2.0503	47653
2007.11.20 00:00	2.0504	2.0686	2.0455	2.0665	64520
2007.11.21 00:00	2.0668	2.0701	2.0526	2.0653	56997
2007.11.22 00:00	2.0655	2.0686	2.0584	2.0621	40825
2007.11.23 00:00	2.0619	2.0764	2.0517	2.0608	56619
2007.11.26 00:00	2.0617	2.0741	2.0613	2.0709	47620
2007.11.27 00:00	2.0714	2.0756	2.064	2.0684	53124
2007.11.28 00:00	2.0685	2.0837	2.0581	2.0821	59178
2007.11.29 00:00	2.0826	2.0826	2.0592	2.0613	55135
2007.11.30 00:00	2.0612	2.0701	2.0533	2.0557	59657
2007.12.03 00:00	2.0563	2.0679	2.0523	2.0658	39036
2007.12.04 00:00	2.0656	2.0674	2.0558	2.0592	50635
2007.12.05 00:00	2.059	2.0611	2.0243	2.0267	58683
2007.12.06 00:00	2.0266	2.0312	2.018	2.0279	51035
2007.12.07 00:00	2.0278	2.0348	2.0221	2.0316	45781
2007.12.10 00:00	2.0322	2.0492	2.0309	2.0461	44666
2007.12.11 00:00	2.0462	2.052	2.0329	2.0343	49673
2007.12.12 00:00	2.0346	2.0578	2.0339	2.0467	47012
2007.12.13 00:00	2.0468	2.0482	2.0341	2.0414	46457
2007.12.14 00:00	2.0415	2.0451	2.0146	2.0173	67070
2007.12.17 00:00	2.0166	2.0228	2.01	2.0204	56252
2007.12.18 00:00	2.0205	2.0226	2.011	2.0143	51271
2007.12.19 00:00	2.0144	2.0197	1.9927	1.9978	55893
2007.12.20 00:00	1.998	1.9988	1.9809	1.9838	42719
2007.12.21 00:00	1.9847	1.9895	1.9808	1.9821	45744
2007.12.24 00:00	1.9834	1.9847	1.9754	1.9773	20785
2007.12.26 00:00	1.977	1.9847	1.9766	1.9835	1195
2007.12.27 00:00	1.984	1.9966	1.9824	1.9958	43308
2007.12.28 00:00	1.9959	2.0023	1.9901	1.9931	46038
2007.12.31 00:00	1.9974	2.0099	1.9913	1.9914	3785
2008.01.02 00:00	1.9864	1.99	1.9774	1.9807	47666
2008.01.03 00:00	1.9809	1.9839	1.9704	1.9711	48279
2008.01.04 00:00	1.9712	1.985	1.9673	1.9717	50354
2008.01.07 00:00	1.9739	1.9755	1.9653	1.9699	37006
2008.01.08 00:00	1.9697	1.9829	1.9664	1.9731	43317
2008.01.09 00:00	1.9733	1.9764	1.9552	1.9585	44344
2008.01.10 00:00	1.9583	1.9665	1.9539	1.9614	43567
2008.01.11 00:00	1.9613	1.9636	1.9483	1.9564	45244
2008.01.14 00:00	1.9596	1.9649	1.9554	1.9558	43405
2008.01.15 00:00	1.9559	1.9742	1.9523	1.9626	55974
2008.01.16 00:00	1.9624	1.9721	1.9528	1.9633	66304
2008.01.17 00:00	1.9634	1.9791	1.9604	1.9713	59275
2008.01.18 00:00	1.9714	1.9727	1.9511	1.9542	52850
2008.01.21 00:00	1.9571	1.9584	1.9428	1.9432	47349
2008.01.22 00:00	1.9433	1.9632	1.9336	1.9606	71036
2008.01.23 00:00	1.9609	1.9646	1.9464	1.9553	57107
2008.01.24 00:00	1.9556	1.9783	1.9496	1.9765	59424
2008.01.25 00:00	1.9763	1.985	1.9738	1.9817	54328
2008.01.28 00:00	1.9832	1.9892	1.9728	1.9842	45753
2008.01.29 00:00	1.9841	1.9929	1.9811	1.9893	44948
2008.01.30 00:00	1.9894	1.9958	1.9837	1.9865	44123
2008.01.31 00:00	1.9863	1.9946	1.9823	1.987	54246
2008.02.01 00:00	1.9872	1.9943	1.9654	1.9662	51609
2008.02.04 00:00	1.9644	1.9789	1.9626	1.9733	43407
2008.02.05 00:00	1.9734	1.9763	1.9603	1.9648	49533
2008.02.06 00:00	1.9645	1.9664	1.9553	1.9615	52191
2008.02.07 00:00	1.9614	1.9623	1.9386	1.9424	61230
2008.02.08 00:00	1.9425	1.951	1.9401	1.9456	45580
2008.02.11 00:00	1.9463	1.953	1.9401	1.9508	43053
2008.02.12 00:00	1.951	1.9635	1.9443	1.9596	54372
2008.02.13 00:00	1.9597	1.9666	1.9549	1.9629	58936
2008.02.14 00:00	1.963	1.9739	1.9613	1.9689	49018
2008.02.15 00:00	1.9688	1.9725	1.9579	1.9605	49202
2008.02.18 00:00	1.9571	1.9638	1.9474	1.9524	41616
2008.02.19 00:00	1.9525	1.9542	1.9451	1.9486	52784
2008.02.20 00:00	1.9485	1.9502	1.9361	1.942	53152
2008.02.21 00:00	1.9421	1.9649	1.9408	1.9629	52837
2008.02.22 00:00	1.963	1.9711	1.9609	1.9671	46852
2008.02.25 00:00	1.9695	1.9701	1.9615	1.9673	33263
2008.02.26 00:00	1.9672	1.9877	1.9642	1.9871	50224
2008.02.27 00:00	1.9869	1.9977	1.979	1.9816	65018
2008.02.28 00:00	1.9814	1.9948	1.9761	1.9887	54615
2008.02.29 00:00	1.9888	1.9922	1.9784	1.9869	58589
2008.03.03 00:00	1.986	1.9937	1.9808	1.9837	54645
2008.03.04 00:00	1.9839	1.9892	1.9811	1.9861	44748
2008.03.05 00:00	1.9865	1.9967	1.972	1.9919	49773
2008.03.06 00:00	1.992	2.0116	1.9893	2.0093	44975
2008.03.07 00:00	2.0094	2.0216	2.0083	2.0144	53074
2008.03.10 00:00	2.0195	2.0221	2.0053	2.0058	49304
2008.03.11 00:00	2.0059	2.0212	1.9994	2.007	57764
2008.03.12 00:00	2.0071	2.0282	2.0054	2.0273	62965
2008.03.13 00:00	2.0272	2.0391	2.0251	2.0323	58630
2008.03.14 00:00	2.0324	2.0399	2.0175	2.0197	66643
2008.03.17 00:00	2.0165	2.0232	1.9942	1.9991	87278
2008.03.18 00:00	1.9993	2.0275	1.9954	2.0084	75361
2008.03.19 00:00	2.0087	2.0153	1.9802	1.9828	78662
2008.03.20 00:00	1.983	1.9882	1.9734	1.9845	49692
2008.03.21 00:00	1.9846	1.9865	1.9811	1.9819	8941
2008.03.24 00:00	1.9803	1.9879	1.9758	1.9877	24921
2008.03.25 00:00	1.9878	2.0068	1.9846	2.0046	58592
2008.03.26 00:00	2.0048	2.0113	1.9925	2.0077	63750
2008.03.27 00:00	2.0076	2.0193	2.0022	2.0062	64116
2008.03.28 00:00	2.0061	2.0091	1.9881	1.9944	64952
2008.03.31 00:00	1.9951	1.9979	1.9812	1.9837	48747
2008.04.01 00:00	1.9839	1.9876	1.9728	1.9758	65673
2008.04.02 00:00	1.9759	1.99	1.9746	1.9873	59210
2008.04.03 00:00	1.9875	1.9976	1.9757	1.9966	62363
2008.04.04 00:00	1.9964	2.0049	1.991	1.9929	39583
2008.04.07 00:00	1.994	1.9941	1.9836	1.9881	5046
2008.04.08 00:00	1.9882	1.9926	1.9665	1.9696	6506
2008.04.09 00:00	1.9694	1.979	1.965	1.976	5626
2008.04.10 00:00	1.9759	1.9841	1.9705	1.9706	6931
2008.04.11 00:00	1.9707	1.9767	1.9684	1.972	5388
2008.04.14 00:00	1.9662	1.9892	1.9656	1.9783	6075
2008.04.15 00:00	1.9782	1.979	1.9601	1.9625	6099
2008.04.16 00:00	1.9626	1.9805	1.9601	1.9722	6364
2008.04.17 00:00	1.9721	1.9923	1.9693	1.9912	6796
2008.04.18 00:00	1.9913	1.9997	1.9881	1.9948	6522
2008.04.21 00:00	1.9981	2.0025	1.9776	1.9801	5846
2008.04.22 00:00	1.98	1.9997	1.9745	1.9951	6460
2008.04.23 00:00	1.995	1.9972	1.9773	1.9804	6280
2008.04.24 00:00	1.9802	1.9815	1.9688	1.9741	6750
2008.04.25 00:00	1.9739	1.989	1.9678	1.9828	6399
2008.04.28 00:00	1.9838	1.9964	1.9782	1.9913	5198
2008.04.29 00:00	1.9914	1.9918	1.9668	1.9697	6084
2008.04.30 00:00	1.9698	1.9893	1.9624	1.9866	6843
2008.05.01 00:00	1.9865	1.9908	1.9713	1.9748	6186
2008.05.02 00:00	1.9747	1.9896	1.9706	1.9732	6060
2008.05.05 00:00	1.973	1.9783	1.9656	1.9719	4459
2008.05.06 00:00	1.972	1.9771	1.9636	1.9736	5487
2008.05.07 00:00	1.9735	1.9737	1.9504	1.9538	5765
2008.05.08 00:00	1.9537	1.9619	1.9503	1.9541	6511
2008.05.09 00:00	1.954	1.9569	1.946	1.9523	5301
2008.05.12 00:00	1.9506	1.9632	1.9444	1.9579	5441
2008.05.13 00:00	1.9578	1.9585	1.9419	1.9455	6455
2008.05.14 00:00	1.9454	1.9473	1.9365	1.9458	5964
2008.05.15 00:00	1.9457	1.95	1.9408	1.9473	5671
2008.05.16 00:00	1.9474	1.9597	1.9442	1.9554	4334
2008.05.19 00:00	1.957	1.9622	1.9455	1.9489	3694
2008.05.20 00:00	1.949	1.9718	1.948	1.9683	7782
2008.05.21 00:00	1.9682	1.9732	1.9612	1.9731	13384
2008.05.22 00:00	1.973	1.9849	1.9687	1.9803	11339
2008.05.23 00:00	1.9802	1.9852	1.9755	1.9801	8173
2008.05.26 00:00	1.981	1.9831	1.9759	1.982	3951
2008.05.27 00:00	1.9819	1.9845	1.9717	1.9765	5073
2008.05.28 00:00	1.9766	1.9826	1.9705	1.9811	5425
2008.05.29 00:00	1.9808	1.9818	1.9674	1.9765	6213
2008.05.30 00:00	1.9764	1.9813	1.9685	1.9808	5712
2008.06.02 00:00	1.9732	1.9774	1.9597	1.967	6120
2008.06.03 00:00	1.9671	1.974	1.9606	1.9634	6183
2008.06.04 00:00	1.9633	1.9636	1.9527	1.9556	5770
2008.06.05 00:00	1.9555	1.9596	1.9463	1.9582	5842
2008.06.06 00:00	1.9581	1.9733	1.9538	1.9698	5636
2008.06.09 00:00	1.9691	1.98	1.967	1.975	6363
2008.06.10 00:00	1.9749	1.9757	1.9519	1.9542	6822
2008.06.11 00:00	1.9543	1.9667	1.9492	1.9632	5865
2008.06.12 00:00	1.9631	1.9642	1.9434	1.9463	6126
2008.06.13 00:00	1.9462	1.9512	1.941	1.9471	6085
2008.06.16 00:00	1.9496	1.9686	1.946	1.9632	5444
2008.06.17 00:00	1.9631	1.9697	1.9469	1.957	6438
2008.06.18 00:00	1.9569	1.961	1.9478	1.9597	5396
2008.06.19 00:00	1.9596	1.9744	1.9577	1.9721	6010
2008.06.20 00:00	1.9722	1.979	1.97	1.9765	4836
2008.06.23 00:00	1.9743	1.9756	1.9586	1.9655	4824
2008.06.24 00:00	1.9656	1.9722	1.9625	1.9708	4981
2008.06.25 00:00	1.9707	1.9769	1.9656	1.9751	5474
2008.06.26 00:00	1.9749	1.9893	1.9715	1.9891	5841
2008.06.27 00:00	1.989	1.9951	1.9807	1.9942	5326
2008.06.30 00:00	1.9947	1.9966	1.9881	1.992	5180
2008.07.01 00:00	1.9921	2.0006	1.9887	1.9946	5377
2008.07.02 00:00	1.9945	1.9972	1.9845	1.9931	5470
2008.07.03 00:00	1.993	1.9937	1.98	1.9833	5800
2008.07.04 00:00	1.9832	1.9848	1.9796	1.9821	4257
2008.07.07 00:00	1.9824	1.9827	1.965	1.976	5477
2008.07.08 00:00	1.9761	1.9796	1.9665	1.9694	5356
2008.07.09 00:00	1.9693	1.9832	1.9673	1.9832	5571
2008.07.10 00:00	1.9831	1.9836	1.9714	1.9779	5421
2008.07.11 00:00	1.978	1.9957	1.9753	1.9874	5456
2008.07.14 00:00	1.9909	1.9961	1.9814	1.9948	5716
2008.07.15 00:00	1.9949	1.9965	1.9932	1.9941	585
2008.07.16 00:00	2.0055	2.0095	1.9958	1.9989	13589
2008.07.17 00:00	1.9988	2.007	1.9948	2.0035	13710
2008.07.18 00:00	2.0036	2.0037	1.9906	1.9976	12135
2008.07.21 00:00	1.9957	2.0037	1.9906	2.0032	10200
2008.07.22 00:00	2.0031	2.0075	1.9896	1.9915	11826
2008.07.23 00:00	1.9913	2.0028	1.99	1.9992	13362
2008.07.24 00:00	1.9829	1.987	1.9818	1.9868	1748
2008.07.25 00:00	1.9867	1.9977	1.9832	1.9903	5868
2008.07.28 00:00	1.9919	1.9962	1.9841	1.9939	5041
2008.07.29 00:00	1.9938	1.9968	1.9762	1.9787	5283
2008.07.30 00:00	1.9786	1.9841	1.9745	1.9817	5527
2008.07.31 00:00	1.9816	1.9927	1.9782	1.9839	5619
2008.08.01 00:00	1.984	1.984	1.9726	1.9733	5301
2008.08.04 00:00	1.9747	1.9761	1.96	1.9622	4844
2008.08.05 00:00	1.9621	1.9624	1.9522	1.9547	5604
2008.08.06 00:00	1.9548	1.9594	1.9467	1.9476	5076
2008.08.07 00:00	1.9475	1.9536	1.9421	1.9439	5863
2008.08.08 00:00	1.9437	1.9438	1.9146	1.92	7178
2008.08.11 00:00	1.9122	1.9254	1.9067	1.9108	6867
2008.08.12 00:00	1.9109	1.9121	1.8953	1.8969	7289
2008.08.13 00:00	1.8968	1.9035	1.8642	1.8704	7772
2008.08.14 00:00	1.8705	1.8785	1.862	1.8698	6847
2008.08.15 00:00	1.8697	1.8699	1.8513	1.8627	6203
2008.08.18 00:00	1.8642	1.8721	1.8625	1.865	5782
2008.08.19 00:00	1.8649	1.8679	1.8538	1.867	5729
2008.08.20 00:00	1.8669	1.8683	1.8541	1.8619	5570
2008.08.21 00:00	1.862	1.8787	1.8606	1.8781	6139
2008.08.22 00:00	1.8782	1.8793	1.8505	1.851	5357
2008.08.25 00:00	1.8506	1.8588	1.8405	1.8531	5517
2008.08.26 00:00	1.853	1.853	1.8331	1.84	6211
2008.08.27 00:00	1.8399	1.8488	1.8286	1.8356	6537
2008.08.28 00:00	1.8357	1.8398	1.824	1.8297	7121
2008.08.29 00:00	1.828	1.8321	1.8173	1.8226	2509
2008.09.01 00:00	1.8151	1.8152	1.7984	1.8014	6426
2008.09.02 00:00	1.8015	1.8015	1.7783	1.7838	7894
2008.09.03 00:00	1.7837	1.7838	1.7668	1.7767	7408
2008.09.04 00:00	1.7766	1.7857	1.7627	1.7684	8055
2008.09.05 00:00	1.7683	1.7743	1.7537	1.7641	9392
2008.09.08 00:00	1.7785	1.7974	1.7472	1.7581	10888
2008.09.09 00:00	1.7579	1.7706	1.7505	1.7607	9070
2008.09.10 00:00	1.7606	1.7676	1.7523	1.7529	8236
2008.09.11 00:00	1.7528	1.7589	1.7448	1.7579	8425
2008.09.12 00:00	1.758	1.7959	1.7541	1.794	8121
2008.09.15 00:00	1.8054	1.8126	1.7766	1.8	12476
2008.09.16 00:00	1.7997	1.801	1.7736	1.7833	12322
2008.09.17 00:00	1.7831	1.8242	1.7788	1.8174	11229
2008.09.18 00:00	1.8173	1.8276	1.8091	1.8179	12020
2008.09.19 00:00	1.818	1.8386	1.7916	1.8354	10699
2008.09.22 00:00	1.8339	1.8639	1.8264	1.8545	10043
2008.09.23 00:00	1.8544	1.8633	1.8472	1.8518	9017
2008.09.24 00:00	1.8519	1.8605	1.8459	1.8464	7896
2008.09.25 00:00	1.8465	1.8667	1.8307	1.8372	8191
2008.09.26 00:00	1.8373	1.8466	1.8335	1.8419	8097
2008.09.29 00:00	1.8358	1.8361	1.7959	1.8079	9789
2008.09.30 00:00	1.8077	1.8116	1.7759	1.7807	9930
2008.10.01 00:00	1.7806	1.7872	1.7635	1.7697	9923
2008.10.02 00:00	1.7696	1.7725	1.7551	1.7638	9913
2008.10.03 00:00	1.7637	1.7838	1.756	1.7747	9450
2008.10.06 00:00	1.7685	1.7717	1.7337	1.744	11517
2008.10.07 00:00	1.7439	1.7657	1.732	1.7455	12666
2008.10.08 00:00	1.7459	1.7654	1.7261	1.7306	14613
2008.10.09 00:00	1.7305	1.7395	1.7151	1.7211	9605
2008.10.10 00:00	1.6936	1.7038	1.6924	1.7001	1286
2008.10.13 00:00	1.714	1.7441	1.6926	1.734	13140
2008.10.14 00:00	1.7339	1.7629	1.7334	1.7395	11032
2008.10.15 00:00	1.7393	1.7601	1.7267	1.7267	10073
2008.10.16 00:00	1.7268	1.7352	1.7136	1.7304	12250
2008.10.17 00:00	1.7302	1.738	1.7226	1.7304	8487
2008.10.20 00:00	1.7318	1.7516	1.7104	1.7152	8694
2008.10.21 00:00	1.7151	1.7197	1.6653	1.6705	10031
2008.10.22 00:00	1.6704	1.6725	1.6139	1.6263	14646
2008.10.23 00:00	1.6262	1.6344	1.6044	1.623	13854
2008.10.24 00:00	1.6231	1.6327	1.5267	1.5904	41622
2008.10.27 00:00	1.5723	1.5873	1.5278	1.5545	48482
2008.10.28 00:00	1.5546	1.6008	1.5401	1.6007	38560
2008.10.29 00:00	1.6009	1.6476	1.594	1.6397	43699
2008.10.30 00:00	1.6395	1.6672	1.6211	1.636	43451
2008.10.31 00:00	1.6359	1.6516	1.6004	1.6079	43761
2008.11.03 00:00	1.6082	1.6399	1.578	1.5822	33066
2008.11.04 00:00	1.582	1.6109	1.5605	1.5956	38351
2008.11.05 00:00	1.5958	1.6197	1.5757	1.5904	43352
2008.11.06 00:00	1.59	1.6037	1.5567	1.5626	42109
2008.11.07 00:00	1.5625	1.5878	1.5535	1.5672	35818
2008.11.10 00:00	1.5816	1.5884	1.5575	1.5606	33157
2008.11.11 00:00	1.5605	1.5703	1.5361	1.5384	29677
2008.11.12 00:00	1.5376	1.5482	1.4896	1.4964	30751
2008.11.13 00:00	1.4963	1.4991	1.4559	1.4839	14345
2008.11.14 00:00	1.484	1.4929	1.4659	1.4838	10204
2008.11.17 00:00	1.4697	1.5081	1.4675	1.4988	9488
2008.11.18 00:00	1.4989	1.5089	1.4901	1.4957	9710
2008.11.19 00:00	1.4958	1.5247	1.4904	1.4951	10262
2008.11.20 00:00	1.495	1.4994	1.4713	1.4727	10890
2008.11.21 00:00	1.4724	1.5059	1.4704	1.4786	9965
2008.11.24 00:00	1.5152	1.5186	1.5077	1.5183	2137
2008.11.25 00:00	1.5184	1.5532	1.4984	1.5473	11620
2008.11.26 00:00	1.5471	1.5482	1.5177	1.5324	11238
2008.11.27 00:00	1.5325	1.5512	1.5312	1.5404	7437
2008.11.28 00:00	1.5405	1.5447	1.5259	1.5408	9180
2008.12.01 00:00	1.5365	1.5396	1.4808	1.4884	9254
2008.12.02 00:00	1.4885	1.5067	1.4777	1.4918	9934
2008.12.03 00:00	1.4917	1.4931	1.4666	1.4783	9680
2008.12.04 00:00	1.4782	1.4813	1.447	1.4679	10819
2008.12.05 00:00	1.4678	1.4751	1.4527	1.4736	9642
2008.12.08 00:00	1.4735	1.5046	1.4686	1.4914	8954
2008.12.09 00:00	1.4913	1.4913	1.468	1.475	8190
2008.12.10 00:00	1.4751	1.4878	1.4736	1.4784	7737
2008.12.11 00:00	1.4785	1.5078	1.4772	1.5035	8822
2008.12.12 00:00	1.5034	1.5116	1.4816	1.4948	10646
2008.12.15 00:00	1.4955	1.5375	1.4921	1.5305	9408
2008.12.16 00:00	1.53	1.5645	1.5205	1.5581	9687
2008.12.17 00:00	1.5579	1.5721	1.5246	1.5535	12309
2008.12.18 00:00	1.5536	1.5615	1.4886	1.5015	14931
2008.12.19 00:00	1.5014	1.5184	1.4812	1.4914	12193
2008.12.22 00:00	1.4955	1.499	1.4707	1.4831	9730
2008.12.23 00:00	1.483	1.4895	1.4674	1.4725	8242
2008.12.24 00:00	1.4736	1.4802	1.4656	1.4696	11711
2008.12.26 00:00	1.4704	1.4795	1.4646	1.4651	6116
2008.12.29 00:00	1.466	1.4769	1.4383	1.4392	8738
2008.12.30 00:00	1.4391	1.4549	1.4391	1.4407	7931
2008.12.31 00:00	1.4406	1.4696	1.4351	1.4573	11191
2009.01.02 00:00	1.4721	1.4762	1.4376	1.4496	14053
2009.01.05 00:00	1.454	1.4737	1.4431	1.47	9427
2009.01.06 00:00	1.4699	1.4991	1.4504	1.4916	10091
2009.01.07 00:00	1.4917	1.5279	1.4806	1.5101	9900
2009.01.08 00:00	1.51	1.5371	1.4985	1.5216	10361
2009.01.09 00:00	1.5215	1.5347	1.5117	1.5167	9353
2009.01.12 00:00	1.514	1.5151	1.4809	1.482	9831
2009.01.13 00:00	1.4819	1.4828	1.4471	1.4501	9903
2009.01.14 00:00	1.45	1.4706	1.4492	1.461	9415
2009.01.15 00:00	1.4609	1.4682	1.4476	1.4639	10312
2009.01.16 00:00	1.4638	1.4979	1.4628	1.4744	10401
2009.01.19 00:00	1.4831	1.4907	1.4416	1.442	9122
2009.01.20 00:00	1.4421	1.4441	1.3863	1.3926	14208
2009.01.21 00:00	1.3925	1.4025	1.3622	1.3955	13166
2009.01.22 00:00	1.3954	1.4022	1.369	1.3876	12428
2009.01.23 00:00	1.3875	1.3898	1.3503	1.3806	11748
2009.01.26 00:00	1.3733	1.3994	1.3547	1.3992	12954
2009.01.27 00:00	1.399	1.424	1.393	1.4129	11834
2009.01.28 00:00	1.413	1.4373	1.4127	1.4246	11550
2009.01.29 00:00	1.4242	1.4409	1.4072	1.4299	11530
2009.01.30 00:00	1.43	1.4497	1.4188	1.449	11376
2009.02.02 00:00	1.4472	1.4483	1.4051	1.4263	12607
2009.02.03 00:00	1.4264	1.4483	1.4155	1.4457	10344
2009.02.04 00:00	1.4456	1.4576	1.4325	1.4468	10976
2009.02.05 00:00	1.4467	1.4702	1.4367	1.461	11099
2009.02.06 00:00	1.4611	1.4842	1.459	1.4805	9935
2009.02.09 00:00	1.4785	1.4984	1.4703	1.4923	8711
2009.02.10 00:00	1.4845	1.4892	1.4456	1.454	8533
2009.02.11 00:00	1.4541	1.4564	1.4317	1.4395	11094
2009.02.12 00:00	1.4394	1.4413	1.4137	1.4267	9539
2009.02.13 00:00	1.4266	1.4603	1.4253	1.4401	9253
2009.02.16 00:00	1.421	1.4317	1.4152	1.4297	7380
2009.02.17 00:00	1.4298	1.4309	1.4124	1.4237	9377
2009.02.18 00:00	1.4236	1.4297	1.4095	1.4211	8780
2009.02.19 00:00	1.421	1.4445	1.4206	1.4279	7607
2009.02.20 00:00	1.427	1.4481	1.4151	1.4424	8699
2009.02.23 00:00	1.4397	1.466	1.4366	1.4486	8946
2009.02.24 00:00	1.4485	1.4576	1.4376	1.4479	8717
2009.02.25 00:00	1.448	1.4605	1.4175	1.4201	8391
2009.02.26 00:00	1.42	1.4382	1.4162	1.4315	7709
2009.02.27 00:00	1.4314	1.4363	1.4111	1.4314	8042
2009.03.02 00:00	1.4293	1.4297	1.3958	1.4053	7968
2009.03.03 00:00	1.4054	1.4155	1.3984	1.405	8275
2009.03.04 00:00	1.4049	1.4197	1.3985	1.4193	8134
2009.03.05 00:00	1.4191	1.4231	1.4038	1.4117	8519
2009.03.06 00:00	1.4114	1.4304	1.4041	1.4072	8512
2009.03.09 00:00	1.4128	1.4181	1.3743	1.3775	8295
2009.03.10 00:00	1.3776	1.3902	1.369	1.3747	8447
2009.03.11 00:00	1.3746	1.3887	1.3655	1.3876	8908
2009.03.12 00:00	1.3874	1.3982	1.3703	1.3931	10331
2009.03.13 00:00	1.393	1.4068	1.3864	1.4	8439
2009.03.16 00:00	1.3913	1.4228	1.3912	1.4074	7447
2009.03.17 00:00	1.4073	1.4136	1.3965	1.4043	8055
2009.03.18 00:00	1.4042	1.4334	1.3845	1.43	9137
2009.03.19 00:00	1.4299	1.4595	1.4162	1.4513	9646
2009.03.20 00:00	1.4512	1.4587	1.4395	1.4464	7972
2009.03.23 00:00	1.4491	1.4647	1.4451	1.4552	6983
2009.03.24 00:00	1.4553	1.4776	1.455	1.4695	9471
2009.03.25 00:00	1.4696	1.4734	1.4515	1.4548	9395
2009.03.26 00:00	1.455	1.4636	1.4424	1.4459	8036
2009.03.27 00:00	1.446	1.4493	1.4268	1.4318	7254
2009.03.30 00:00	1.4187	1.4272	1.4111	1.4264	5686
2009.03.31 00:00	1.4265	1.4373	1.4239	1.4321	8383
2009.04.01 00:00	1.432	1.4466	1.4273	1.4466	7463
2009.04.02 00:00	1.4467	1.4747	1.4447	1.4724	8965
2009.04.03 00:00	1.4723	1.4843	1.4649	1.4822	8097
2009.04.06 00:00	1.4844	1.4957	1.467	1.4768	4518
2009.04.07 00:00	1.4769	1.4775	1.4583	1.4729	6356
2009.04.08 00:00	1.473	1.4745	1.4636	1.4714	5876
2009.04.09 00:00	1.4715	1.4778	1.4586	1.4679	5139
2009.04.10 00:00	1.468	1.4681	1.4617	1.4657	3187
2009.04.13 00:00	1.464	1.4867	1.4605	1.4853	4302
2009.04.14 00:00	1.4852	1.4942	1.4826	1.4893	5634
2009.04.15 00:00	1.4894	1.5035	1.4823	1.4996	4676
2009.04.16 00:00	1.4997	1.5066	1.4841	1.4925	6198
2009.04.17 00:00	1.4922	1.494	1.4756	1.4784	5352
2009.04.20 00:00	1.4785	1.4811	1.4501	1.4538	5586
2009.04.21 00:00	1.4537	1.4707	1.4469	1.4673	6168
2009.04.22 00:00	1.4674	1.4684	1.4398	1.449	6969
2009.04.23 00:00	1.4489	1.4741	1.4442	1.4721	6154
2009.04.24 00:00	1.472	1.4771	1.4576	1.4657	6743
2009.04.27 00:00	1.4663	1.4692	1.4515	1.4645	5849
2009.04.28 00:00	1.4644	1.4689	1.4518	1.4633	6371
2009.04.29 00:00	1.4632	1.4812	1.4609	1.477	6062
2009.04.30 00:00	1.4771	1.4946	1.4704	1.4789	7596
2009.05.01 00:00	1.479	1.4932	1.4754	1.4911	5652
2009.05.04 00:00	1.492	1.5021	1.4836	1.5016	5229
2009.05.05 00:00	1.5015	1.5161	1.4983	1.5089	6190
2009.05.06 00:00	1.5087	1.515	1.4992	1.5134	6439
2009.05.07 00:00	1.5135	1.5195	1.4944	1.5016	7000
2009.05.08 00:00	1.5015	1.5143	1.4968	1.514	4855
2009.05.11 00:00	1.5205	1.5244	1.5069	1.5115	5824
2009.05.12 00:00	1.5116	1.5351	1.5075	1.5269	6895
2009.05.13 00:00	1.527	1.533	1.5087	1.5155	7482
2009.05.14 00:00	1.5156	1.5245	1.506	1.5237	6973
2009.05.15 00:00	1.5234	1.5286	1.5134	1.5166	6416
2009.05.18 00:00	1.5173	1.5347	1.5117	1.5346	5551
2009.05.19 00:00	1.5345	1.5523	1.5296	1.5475	5587
2009.05.20 00:00	1.5474	1.5792	1.5449	1.5754	6174
2009.05.21 00:00	1.5753	1.5889	1.5517	1.5842	8371
2009.05.22 00:00	1.5841	1.5942	1.5756	1.5906	6700
2009.05.25 00:00	1.5928	1.5938	1.5836	1.5908	3617
2009.05.26 00:00	1.5909	1.5967	1.5778	1.5925	6161
2009.05.27 00:00	1.5926	1.6085	1.5924	1.5954	6885
2009.05.28 00:00	1.5955	1.6013	1.5855	1.5943	7662
2009.05.29 00:00	1.5942	1.6196	1.5918	1.6162	6717
2009.06.01 00:00	1.6185	1.6495	1.6163	1.6443	6446
2009.06.02 00:00	1.6444	1.6595	1.6326	1.6579	6493
2009.06.03 00:00	1.6578	1.6661	1.6243	1.6317	7655
2009.06.04 00:00	1.6316	1.6432	1.6089	1.6175	8566
2009.06.05 00:00	1.6174	1.6239	1.5941	1.5976	7511
2009.06.08 00:00	1.5952	1.6102	1.5803	1.6053	5564
2009.06.09 00:00	1.6048	1.6359	1.5987	1.6303	5975
2009.06.10 00:00	1.6304	1.6472	1.624	1.6358	7162
2009.06.11 00:00	1.6359	1.662	1.6341	1.6589	6123
2009.06.12 00:00	1.6588	1.6597	1.6332	1.6428	6410
2009.06.15 00:00	1.6425	1.6442	1.6242	1.6317	6045
2009.06.16 00:00	1.6318	1.6506	1.6212	1.641	6873
2009.06.17 00:00	1.6411	1.648	1.6221	1.6399	6472
2009.06.18 00:00	1.64	1.6467	1.6283	1.6331	3324
2009.06.19 00:00	1.633	1.6559	1.6304	1.6514	5230
2009.06.22 00:00	1.6498	1.6513	1.6321	1.6347	5375
2009.06.23 00:00	1.6346	1.6472	1.621	1.6454	6619
2009.06.24 00:00	1.6453	1.66	1.6369	1.6406	7203
2009.06.25 00:00	1.6407	1.6466	1.6233	1.6367	6123
2009.06.26 00:00	1.6368	1.6558	1.6366	1.6524	5532
2009.06.29 00:00	1.6501	1.6584	1.6429	1.6566	4763
2009.06.30 00:00	1.6565	1.6742	1.6423	1.6457	6228
2009.07.01 00:00	1.6458	1.6543	1.6386	1.6477	5925
2009.07.02 00:00	1.6478	1.6499	1.6324	1.6393	6241
2009.07.03 00:00	1.6394	1.6427	1.6303	1.6324	4156
2009.07.06 00:00	1.6284	1.6326	1.6095	1.6286	5037
2009.07.07 00:00	1.6285	1.6294	1.6117	1.6136	5526
2009.07.08 00:00	1.6137	1.6138	1.5984	1.607	5907
2009.07.09 00:00	1.6069	1.6379	1.6029	1.6335	6237
2009.07.10 00:00	1.6334	1.6344	1.6154	1.6205	5725
2009.07.13 00:00	1.6183	1.6236	1.6034	1.6226	5609
2009.07.14 00:00	1.6225	1.6342	1.6221	1.6308	6457
2009.07.15 00:00	1.6307	1.6466	1.6299	1.6422	5129
2009.07.16 00:00	1.6423	1.6478	1.6357	1.6437	6036
2009.07.17 00:00	1.6438	1.6445	1.6266	1.6343	4803
2009.07.20 00:00	1.6337	1.6555	1.6327	1.6546	4793
2009.07.21 00:00	1.6547	1.6551	1.6382	1.646	4763
2009.07.22 00:00	1.6459	1.6502	1.6311	1.649	5174
2009.07.23 00:00	1.6488	1.6584	1.6433	1.6477	4987
2009.07.24 00:00	1.6476	1.654	1.6392	1.6428	4442
2009.07.27 00:00	1.6449	1.6522	1.6384	1.6487	4403
2009.07.28 00:00	1.6486	1.6555	1.6391	1.6427	4585
2009.07.29 00:00	1.6426	1.6467	1.6347	1.6379	5320
2009.07.30 00:00	1.6377	1.6524	1.634	1.6492	4899
2009.07.31 00:00	1.6491	1.6731	1.6474	1.6703	4955
2009.08.03 00:00	1.672	1.6985	1.6696	1.6927	6354
2009.08.04 00:00	1.6926	1.7002	1.6889	1.6939	4596
2009.08.05 00:00	1.694	1.7041	1.6902	1.6987	4495
2009.08.06 00:00	1.6986	1.7027	1.6752	1.6781	5053
2009.08.07 00:00	1.6782	1.6832	1.6652	1.6682	4975
2009.08.10 00:00	1.6669	1.6717	1.6431	1.648	4291
2009.08.11 00:00	1.6481	1.6521	1.6431	1.6478	4462
2009.08.12 00:00	1.6477	1.6558	1.6391	1.6482	5492
2009.08.13 00:00	1.6481	1.6663	1.6475	1.658	4626
2009.08.14 00:00	1.6581	1.6606	1.6486	1.653	4275
2009.08.17 00:00	1.6505	1.6518	1.6276	1.6345	4648
2009.08.18 00:00	1.6346	1.6585	1.6325	1.6559	4701
2009.08.19 00:00	1.6558	1.6592	1.6375	1.6527	4990
2009.08.20 00:00	1.6528	1.6605	1.6451	1.6505	4594
2009.08.21 00:00	1.6506	1.6622	1.6419	1.6487	4919
2009.08.24 00:00	1.6504	1.6544	1.6391	1.6415	3962
2009.08.25 00:00	1.6416	1.6442	1.6331	1.6349	4332
2009.08.26 00:00	1.6348	1.6352	1.616	1.6248	4385
2009.08.27 00:00	1.6249	1.6303	1.6155	1.6282	4621
2009.08.28 00:00	1.6279	1.6379	1.6257	1.6274	4336
2009.08.31 00:00	1.6265	1.6328	1.6183	1.6286	3951
2009.09.01 00:00	1.6287	1.6374	1.6114	1.6158	5016
2009.09.02 00:00	1.6157	1.6298	1.6114	1.6272	4901
2009.09.03 00:00	1.6271	1.6411	1.6236	1.6319	4710
2009.09.04 00:00	1.6318	1.6409	1.6287	1.6396	4121
2009.09.07 00:00	1.6393	1.6443	1.6325	1.6346	22622
2009.09.08 00:00	1.6347	1.6585	1.6322	1.6489	4389
2009.09.09 00:00	1.6488	1.659	1.6456	1.6547	4391
2009.09.10 00:00	1.6546	1.6685	1.6481	1.6651	4658
2009.09.11 00:00	1.665	1.674	1.6644	1.6669	4384
2009.09.14 00:00	1.6683	1.6684	1.65205	1.65804	30699
2009.09.15 00:00	1.6581	1.6656	1.6403	1.6487	4834
2009.09.16 00:00	1.6486	1.6532	1.6433	1.649	4936
2009.09.17 00:00	1.6491	1.6566	1.6426	1.6452	4548
2009.09.18 00:00	1.6451	1.6452	1.6231	1.6237	4551
2009.09.21 00:00	1.6216	1.6264	1.61334	1.62135	30255
2009.09.22 00:00	1.6217	1.6393	1.6203	1.6358	4108
2009.09.23 00:00	1.6359	1.6466	1.633	1.6341	5132
2009.09.24 00:00	1.6344	1.6385	1.6023	1.6056	5500
2009.09.25 00:00	1.6057	1.6065	1.5917	1.5929	5432
2009.09.28 00:00	1.5967	1.59691	1.57687	1.58804	40317
2009.09.29 00:00	1.5882	1.5988	1.5825	1.596	5811
2009.09.30 00:00	1.5961	1.6124	1.5945	1.598	5615
2009.10.01 00:00	1.5981	1.6022	1.5925	1.5954	5196
2009.10.02 00:00	1.5953	1.5955	1.5805	1.5911	5319
2009.10.05 00:00	1.5928	1.6023	1.59016	1.59317	37681
2009.10.06 00:00	1.5933	1.6046	1.5877	1.592	4466
2009.10.07 00:00	1.5921	1.59707	1.5859	1.59505	26887
2009.10.08 00:00	1.59506	1.61184	1.59499	1.60666	40616
2009.10.09 00:00	1.60664	1.60664	1.58244	1.58439	42708
2009.10.12 00:00	1.58452	1.58818	1.5727	1.5797	65748
2009.10.13 00:00	1.57971	1.5927	1.57059	1.5922	34964
2009.10.14 00:00	1.59218	1.60228	1.5901	1.59777	37483
2009.10.15 00:00	1.59782	1.6297	1.59708	1.62668	39858
2009.10.16 00:00	1.62682	1.63977	1.62506	1.63528	36338
2009.10.19 00:00	1.62872	1.64227	1.62392	1.64184	63413
2009.10.20 00:00	1.64201	1.64868	1.63271	1.63813	36798
2009.10.21 00:00	1.63804	1.6635	1.63454	1.66056	37101
2009.10.22 00:00	1.66057	1.6636	1.64857	1.66195	37879
2009.10.23 00:00	1.66197	1.6691	1.62976	1.63056	41487
2009.10.26 00:00	1.63014	1.63946	1.62499	1.6313	65467
2009.10.27 00:00	1.6314	1.64372	1.62841	1.63729	45487
2009.10.28 00:00	1.63727	1.6465	1.62844	1.63816	44505
2009.10.29 00:00	1.63815	1.66025	1.63374	1.65591	31100
2009.10.30 00:00	1.65589	1.65776	1.64084	1.6444	35198
2009.11.02 00:00	1.6409	1.64771	1.63273	1.64047	77894
2009.11.03 00:00	1.64056	1.64534	1.62604	1.64348	45009
2009.11.04 00:00	1.64347	1.65956	1.63991	1.65518	43425
2009.11.05 00:00	1.65515	1.66345	1.64652	1.65804	45169
2009.11.06 00:00	1.65803	1.66339	1.65167	1.66075	42447
2009.11.09 00:00	1.6659	1.68421	1.66154	1.67551	66352
2009.11.10 00:00	1.67565	1.67867	1.66004	1.67428	44313
2009.11.11 00:00	1.67427	1.67963	1.65344	1.65716	43868
2009.11.12 00:00	1.65715	1.66044	1.65142	1.65748	28631
2009.11.13 00:00	1.6575	1.67046	1.65707	1.66918	31914
2009.11.16 00:00	1.66997	1.68772	1.66684	1.68146	79859
2009.11.17 00:00	1.68162	1.68708	1.67541	1.68099	43179
2009.11.18 00:00	1.68098	1.68442	1.67133	1.67451	37007
2009.11.19 00:00	1.67454	1.67514	1.66049	1.66652	42593
2009.11.20 00:00	1.66653	1.66736	1.6459	1.65074	38317
2009.11.23 00:00	1.64998	1.66472	1.64715	1.66024	75278
2009.11.24 00:00	1.6604	1.66171	1.64963	1.65865	40556
2009.11.25 00:00	1.65867	1.67441	1.65744	1.67035	38503
2009.11.26 00:00	1.67036	1.67241	1.64659	1.65295	36835
2009.11.27 00:00	1.65303	1.65307	1.62703	1.64712	48219
2009.11.30 00:00	1.65065	1.65915	1.63784	1.64381	96765
2009.12.01 00:00	1.64389	1.66453	1.63901	1.66094	40382
2009.12.02 00:00	1.66076	1.66935	1.65487	1.66275	35784
2009.12.03 00:00	1.66273	1.67194	1.65293	1.65383	36988
2009.12.04 00:00	1.65379	1.66731	1.64211	1.64461	37649
2009.12.07 00:00	1.6427	1.6515	1.63116	1.6444	86202
2009.12.08 00:00	1.64435	1.64748	1.62546	1.62836	44898
2009.12.09 00:00	1.62837	1.63739	1.61662	1.62593	45942
2009.12.10 00:00	1.6259	1.63447	1.62135	1.62769	39904
2009.12.11 00:00	1.6277	1.6337	1.61956	1.62405	35904
2009.12.14 00:00	1.62483	1.63245	1.6187	1.63087	79311
2009.12.15 00:00	1.63095	1.63173	1.62044	1.62653	36192
2009.12.16 00:00	1.62654	1.64093	1.623	1.63319	38766
2009.12.17 00:00	1.63334	1.63396	1.60785	1.61519	46361
2009.12.18 00:00	1.61518	1.62477	1.60504	1.61404	38234
2009.12.21 00:00	1.61166	1.61636	1.60291	1.60334	69387
2009.12.22 00:00	1.60345	1.6098	1.59204	1.59615	34075
2009.12.23 00:00	1.59603	1.59922	1.5923	1.5955	32491
2009.12.24 00:00	1.59548	1.60206	1.59269	1.5945	18142
2009.12.28 00:00	1.59815	1.60145	1.59313	1.5999	40457
2009.12.29 00:00	1.59996	1.60661	1.58658	1.59015	26108
2009.12.30 00:00	1.59016	1.60931	1.58311	1.60752	29543
2009.12.31 00:00	1.60754	1.62337	1.60487	1.61415	24666
2010.01.04 00:00	1.61085	1.62408	1.60567	1.60817	98766
2010.01.05 00:00	1.60839	1.61522	1.59644	1.59895	41125
2010.01.06 00:00	1.59896	1.60622	1.59367	1.60177	41887
2010.01.07 00:00	1.60172	1.60572	1.58951	1.59315	38807
2010.01.08 00:00	1.59314	1.61084	1.59141	1.60254	31950
2010.01.11 00:00	1.6066	1.6193	1.60467	1.61112	80311
2010.01.12 00:00	1.61129	1.61926	1.60613	1.61625	35388
2010.01.13 00:00	1.6162	1.63051	1.61348	1.62779	35599
2010.01.14 00:00	1.6278	1.63445	1.62487	1.63325	33128
2010.01.15 00:00	1.63324	1.6354	1.62095	1.62566	37609
2010.01.18 00:00	1.62575	1.63778	1.6249	1.63386	66250
2010.01.19 00:00	1.63397	1.64558	1.63104	1.63595	35642
2010.01.20 00:00	1.63596	1.63701	1.62427	1.62899	42052
2010.01.21 00:00	1.62898	1.631	1.61239	1.61929	41364
2010.01.22 00:00	1.6193	1.62825	1.60758	1.61115	41270
2010.01.25 00:00	1.61015	1.62605	1.60886	1.62396	78185
2010.01.26 00:00	1.62414	1.62662	1.60922	1.61414	36227
2010.01.27 00:00	1.61413	1.6242	1.6106	1.61667	40804
2010.01.28 00:00	1.61668	1.62739	1.61116	1.61353	38004
2010.01.29 00:00	1.61354	1.61769	1.59819	1.59819	36887
2010.02.01 00:00	1.59445	1.59778	1.58489	1.59541	101322
2010.02.02 00:00	1.59555	1.59933	1.59015	1.59715	42334
2010.02.03 00:00	1.59717	1.6068	1.58753	1.58916	43193
2010.02.04 00:00	1.58919	1.59162	1.57289	1.57541	48861
2010.02.05 00:00	1.57538	1.57741	1.55575	1.56288	58784
2010.02.08 00:00	1.55889	1.5659	1.55335	1.5583	91409
2010.02.09 00:00	1.55826	1.57454	1.55604	1.57172	51266
2010.02.10 00:00	1.57171	1.57633	1.55702	1.5593	53218
2010.02.11 00:00	1.55932	1.57152	1.55589	1.57031	53310
2010.02.12 00:00	1.57029	1.57386	1.55792	1.5668	50586
2010.02.15 00:00	1.56811	1.5719	1.5611	1.56576	50962
2010.02.16 00:00	1.56582	1.57933	1.5626	1.57891	40297
2010.02.17 00:00	1.57892	1.58141	1.56651	1.56709	44569
2010.02.18 00:00	1.56713	1.56857	1.54968	1.55276	49694
2010.02.19 00:00	1.55275	1.55406	1.53463	1.54527	52398
2010.02.22 00:00	1.54773	1.55186	1.5429	1.5479	71626
2010.02.23 00:00	1.54797	1.55738	1.53926	1.54209	48345
2010.02.24 00:00	1.54207	1.54745	1.53851	1.54063	43243
2010.02.25 00:00	1.54062	1.54197	1.51874	1.5262	49316
2010.02.26 00:00	1.52623	1.53163	1.51509	1.52482	48095
2010.03.01 00:00	1.5155	1.5202	1.47806	1.49889	101046
2010.03.02 00:00	1.49884	1.49982	1.48529	1.49687	49168
2010.03.03 00:00	1.49688	1.51293	1.49571	1.50965	46471
2010.03.04 00:00	1.50967	1.51341	1.50046	1.50306	41491
2010.03.05 00:00	1.50304	1.51642	1.49913	1.51425	35885
2010.03.08 00:00	1.51365	1.5195	1.50294	1.50635	74573
2010.03.09 00:00	1.5064	1.50667	1.4934	1.49948	42358
2010.03.10 00:00	1.4995	1.50148	1.48716	1.4976	40170
2010.03.11 00:00	1.49761	1.50652	1.49446	1.50596	37205
2010.03.12 00:00	1.50595	1.52159	1.5025	1.51831	38593
2010.03.15 00:00	1.51707	1.52067	1.5018	1.5051	79747
2010.03.16 00:00	1.50502	1.52574	1.4976	1.5249	39903
2010.03.17 00:00	1.52488	1.53797	1.52076	1.53157	39731
2010.03.18 00:00	1.53158	1.53265	1.52154	1.52431	39188
2010.03.19 00:00	1.52432	1.52541	1.4987	1.50106	36982
2010.03.22 00:00	1.49986	1.5107	1.49301	1.5106	87623
2010.03.23 00:00	1.51059	1.51111	1.49715	1.50338	47229
2010.03.24 00:00	1.50339	1.50394	1.48542	1.48771	43995
2010.03.25 00:00	1.48769	1.50024	1.4797	1.48175	43017
2010.03.26 00:00	1.48174	1.49219	1.48053	1.48955	39790
2010.03.29 00:00	1.49187	1.5018	1.48908	1.49853	72253
2010.03.30 00:00	1.49858	1.51248	1.49732	1.50672	35913
2010.03.31 00:00	1.50673	1.52015	1.50418	1.5181	39548
2010.04.01 00:00	1.51808	1.5297	1.51713	1.52896	39560
2010.04.02 00:00	1.52894	1.52956	1.51809	1.5203	16775
2010.04.05 00:00	1.52916	1.53179	1.5222	1.5293	49322
2010.04.06 00:00	1.52937	1.53048	1.51274	1.52646	39064
2010.04.07 00:00	1.52647	1.52845	1.51372	1.5239	38206
2010.04.08 00:00	1.52394	1.52784	1.51402	1.52782	37803
2010.04.09 00:00	1.52781	1.53898	1.52658	1.53776	38697
2010.04.12 00:00	1.54564	1.5484	1.53511	1.5366	77949
2010.04.13 00:00	1.5366	1.54473	1.53351	1.53791	36650
2010.04.14 00:00	1.53792	1.54891	1.537	1.54644	35139
2010.04.15 00:00	1.54643	1.55213	1.53841	1.54932	38296
2010.04.16 00:00	1.54933	1.5505	1.53646	1.53898	39631
2010.04.19 00:00	1.52668	1.5339	1.51905	1.5336	76394
2010.04.20 00:00	1.53355	1.54321	1.52881	1.53565	35299
2010.04.21 00:00	1.53567	1.54372	1.53307	1.54078	33275
2010.04.22 00:00	1.54077	1.54713	1.53408	1.53766	42250
2010.04.23 00:00	1.53772	1.53961	1.52937	1.53762	42498
2010.04.26 00:00	1.53877	1.5497	1.53707	1.5456	73636
2010.04.27 00:00	1.54554	1.54822	1.52389	1.52624	42599
2010.04.28 00:00	1.52625	1.52864	1.51241	1.52067	42744
2010.04.29 00:00	1.52066	1.534	1.51409	1.53178	39513
2010.04.30 00:00	1.53179	1.53886	1.52522	1.52986	36427
2010.05.03 00:00	1.53342	1.53342	1.52098	1.5246	55519
2010.05.04 00:00	1.52453	1.5263	1.50891	1.51421	40049
2010.05.05 00:00	1.5142	1.51712	1.50659	1.51	45876
2010.05.06 00:00	1.51001	1.5146	1.47104	1.48317	57747
2010.05.07 00:00	1.48312	1.49331	1.44742	1.48191	72149
2010.05.10 00:00	1.48798	1.5053	1.47592	1.4845	114098
2010.05.11 00:00	1.48447	1.50022	1.47194	1.49545	56868
2010.05.12 00:00	1.49546	1.50429	1.48176	1.48212	53613
2010.05.13 00:00	1.48208	1.49154	1.45938	1.46112	43325
2010.05.14 00:00	1.46111	1.4638	1.44946	1.4535	52828
2010.05.17 00:00	1.45112	1.4545	1.4249	1.44718	96586
2010.05.18 00:00	1.44719	1.45191	1.43041	1.43323	54728
2010.05.19 00:00	1.43321	1.44471	1.42366	1.44423	64957
2010.05.20 00:00	1.44422	1.44642	1.42277	1.43623	60708
2010.05.21 00:00	1.43619	1.44946	1.43166	1.44831	59450
2010.05.24 00:00	1.44607	1.4527	1.4351	1.44223	91126
2010.05.25 00:00	1.44231	1.44232	1.42581	1.44065	56118
2010.05.26 00:00	1.44066	1.44464	1.433	1.43855	49758
2010.05.27 00:00	1.43861	1.46052	1.43652	1.45797	55052
2010.05.28 00:00	1.45798	1.46081	1.44336	1.44597	49589
2010.05.31 00:00	1.44127	1.4547	1.44045	1.4536	67645
2010.06.01 00:00	1.45355	1.47212	1.44377	1.46473	54678
2010.06.02 00:00	1.46475	1.47683	1.45514	1.46497	61906
2010.06.03 00:00	1.46504	1.47409	1.4585	1.4612	49318
2010.06.04 00:00	1.46123	1.46791	1.44527	1.44717	51376
2010.06.07 00:00	1.44086	1.45622	1.43868	1.44657	125215
2010.06.08 00:00	1.44652	1.4527	1.43446	1.44691	56412
2010.06.09 00:00	1.44683	1.4606	1.43947	1.4525	51355
2010.06.10 00:00	1.45247	1.47159	1.45077	1.47122	54611
2010.06.11 00:00	1.47127	1.47575	1.45027	1.45256	51230
2010.06.14 00:00	1.45758	1.4808	1.45471	1.474	92266
2010.06.15 00:00	1.47391	1.48348	1.46808	1.48029	51476
2010.06.16 00:00	1.4803	1.48537	1.47249	1.47293	42420
2010.06.17 00:00	1.47292	1.48363	1.46436	1.48224	53329
2010.06.18 00:00	1.48222	1.48848	1.47695	1.48205	41570
2010.06.21 00:00	1.4856	1.49352	1.47366	1.47534	97750
2010.06.22 00:00	1.47552	1.48573	1.46857	1.48116	52631
2010.06.23 00:00	1.48113	1.49721	1.48013	1.49538	53626
2010.06.24 00:00	1.49541	1.50103	1.49139	1.49341	50948
2010.06.25 00:00	1.49337	1.50652	1.4855	1.5059	49468
2010.06.28 00:00	1.50613	1.51279	1.50156	1.51025	94642
2010.06.29 00:00	1.51032	1.51182	1.501	1.50644	51189
2010.06.30 00:00	1.50642	1.50718	1.49339	1.49428	51877
2010.07.01 00:00	1.49424	1.51878	1.4872	1.51741	54056
2010.07.02 00:00	1.51738	1.52272	1.51493	1.51945	43159
2010.07.05 00:00	1.52021	1.52037	1.50886	1.5134	56099
2010.07.06 00:00	1.51345	1.52247	1.508	1.51481	41395
2010.07.07 00:00	1.51482	1.52178	1.50795	1.51858	41084
2010.07.08 00:00	1.51861	1.52391	1.51007	1.51648	44502
2010.07.09 00:00	1.51649	1.52032	1.50493	1.50628	35665
2010.07.12 00:00	1.50786	1.50855	1.49467	1.50287	74893
2010.07.13 00:00	1.50283	1.51903	1.49634	1.51749	39559
2010.07.14 00:00	1.5175	1.52948	1.51698	1.52649	39470
2010.07.15 00:00	1.52646	1.54701	1.52349	1.54598	41757
2010.07.16 00:00	1.54596	1.54617	1.52767	1.52983	39309
2010.07.19 00:00	1.52757	1.53507	1.5201	1.52283	77450
2010.07.20 00:00	1.52266	1.53082	1.5152	1.5261	40273
2010.07.21 00:00	1.52611	1.53337	1.51229	1.51612	42590
2010.07.22 00:00	1.51613	1.52942	1.51485	1.52575	41886
2010.07.23 00:00	1.52578	1.54473	1.52499	1.54198	45936
2010.07.26 00:00	1.54163	1.55195	1.54079	1.54889	85592
2010.07.27 00:00	1.54885	1.55972	1.5441	1.55911	40967
2010.07.28 00:00	1.55912	1.56358	1.55446	1.55955	39964
2010.07.29 00:00	1.55954	1.56608	1.55778	1.56105	39619
2010.07.30 00:00	1.56104	1.57192	1.55498	1.56885	40877
2010.08.02 00:00	1.56828	1.59062	1.56828	1.58852	87000
2010.08.03 00:00	1.58849	1.59665	1.58596	1.59499	36167
2010.08.04 00:00	1.595	1.5962	1.58546	1.5882	38370
2010.08.05 00:00	1.58822	1.59222	1.58185	1.58945	38833
2010.08.06 00:00	1.58946	1.59959	1.58378	1.5964	35691
2010.08.09 00:00	1.59625	1.59942	1.58881	1.58881	64325
2010.08.10 00:00	1.58895	1.59065	1.57088	1.58496	47002
2010.08.11 00:00	1.58496	1.58607	1.56263	1.56564	56771
2010.08.12 00:00	1.56563	1.57112	1.55603	1.55751	47275
2010.08.13 00:00	1.55741	1.56767	1.55646	1.55904	44701
2010.08.16 00:00	1.55901	1.57016	1.55339	1.56624	84947
2010.08.17 00:00	1.56608	1.56933	1.55504	1.55841	40869
2010.08.18 00:00	1.55843	1.56857	1.54968	1.55923	39134
2010.08.19 00:00	1.55924	1.56692	1.55067	1.55974	46996
2010.08.20 00:00	1.55979	1.56012	1.54614	1.55305	44047
2010.08.23 00:00	1.55312	1.56182	1.54986	1.551	74818
2010.08.24 00:00	1.55107	1.55128	1.53706	1.53929	45618
2010.08.25 00:00	1.53928	1.54677	1.53872	1.54578	43742
2010.08.26 00:00	1.54588	1.55957	1.54552	1.5526	55796
2010.08.27 00:00	1.55258	1.55384	1.54404	1.55124	52128
2010.08.30 00:00	1.55279	1.55753	1.54546	1.5461	50243
2010.08.31 00:00	1.54589	1.5473	1.53258	1.53464	43482
2010.09.01 00:00	1.53466	1.54895	1.53346	1.54526	43196
2010.09.02 00:00	1.54522	1.54606	1.53485	1.53992	39683
2010.09.03 00:00	1.53992	1.54652	1.53869	1.54612	34365
2010.09.06 00:00	1.54278	1.54883	1.53446	1.5391	51858
2010.09.07 00:00	1.5391	1.54223	1.52952	1.53552	43919
2010.09.08 00:00	1.53552	1.55308	1.53422	1.5469	42623
2010.09.09 00:00	1.54691	1.54755	1.53744	1.54272	38597
2010.09.10 00:00	1.54273	1.54648	1.53434	1.53548	38516
2010.09.13 00:00	1.53585	1.54866	1.53516	1.54278	75477
2010.09.14 00:00	1.54274	1.5585	1.53462	1.55377	42628
2010.09.15 00:00	1.55377	1.56495	1.54473	1.5621	43750
2010.09.16 00:00	1.56214	1.56463	1.55366	1.56222	40993
2010.09.17 00:00	1.56223	1.5727	1.55934	1.56208	41848
2010.09.20 00:00	1.56513	1.56845	1.55354	1.55427	81857
2010.09.21 00:00	1.55435	1.56405	1.55018	1.56205	42537
2010.09.22 00:00	1.56204	1.57134	1.56004	1.56624	46429
2010.09.23 00:00	1.56625	1.5739	1.56099	1.56821	42780
2010.09.24 00:00	1.5682	1.58413	1.56401	1.58262	41600
2010.09.27 00:00	1.58195	1.58659	1.57856	1.58251	82666
2010.09.28 00:00	1.58259	1.58938	1.57177	1.57999	45933
2010.09.29 00:00	1.58001	1.58727	1.57606	1.57832	45313
2010.09.30 00:00	1.57831	1.59202	1.56679	1.57141	53689
2010.10.01 00:00	1.57142	1.58704	1.57014	1.58334	46399
2010.10.04 00:00	1.5799	1.58688	1.57469	1.58252	84302
2010.10.05 00:00	1.58276	1.59282	1.57458	1.58881	45960
2010.10.06 00:00	1.58882	1.59366	1.58313	1.58894	42978
2010.10.07 00:00	1.58892	1.60154	1.58243	1.58751	48030
2010.10.08 00:00	1.5875	1.5963	1.58214	1.59544	42393
2010.10.11 00:00	1.595	1.59625	1.58665	1.58806	82504
2010.10.12 00:00	1.58801	1.59158	1.57533	1.58073	47432
2010.10.13 00:00	1.58074	1.5907	1.57726	1.5895	44983
2010.10.14 00:00	1.58951	1.60643	1.5886	1.60084	50122
2010.10.15 00:00	1.60085	1.61012	1.59699	1.59831	47461
2010.10.18 00:00	1.59759	1.60021	1.58359	1.58726	97537
2010.10.19 00:00	1.58729	1.59404	1.56779	1.57049	55264
2010.10.20 00:00	1.57049	1.58764	1.5648	1.58464	51347
2010.10.21 00:00	1.58471	1.58475	1.56844	1.5703	52321
2010.10.22 00:00	1.57032	1.57477	1.56504	1.56781	42935
2010.10.25 00:00	1.56796	1.57716	1.56624	1.57212	88941
2010.10.26 00:00	1.57209	1.58938	1.5689	1.58431	49697
2010.10.27 00:00	1.58433	1.58636	1.57287	1.57663	49204
2010.10.28 00:00	1.57666	1.59758	1.57602	1.59436	46024
2010.10.29 00:00	1.59438	1.60354	1.58756	1.6022	50678
2010.11.01 00:00	1.60473	1.60881	1.59884	1.60395	83671
2010.11.02 00:00	1.60393	1.60778	1.59594	1.60346	44321
2010.11.03 00:00	1.6035	1.61546	1.60052	1.61022	57164
2010.11.04 00:00	1.61019	1.62968	1.60826	1.62698	60790
2010.11.05 00:00	1.62701	1.62924	1.61649	1.61801	46129
2010.11.08 00:00	1.61959	1.62117	1.61018	1.61371	88870
2010.11.09 00:00	1.61364	1.61821	1.59502	1.59828	50785
2010.11.10 00:00	1.59827	1.61342	1.5959	1.61188	51550
2010.11.11 00:00	1.61187	1.61765	1.60797	1.61211	47918
2010.11.12 00:00	1.61207	1.61815	1.59845	1.61337	57261
2010.11.15 00:00	1.61469	1.61531	1.604	1.6051	93527
2010.11.16 00:00	1.60506	1.60843	1.58368	1.58835	55804
2010.11.17 00:00	1.58834	1.59465	1.58528	1.59056	48981
2010.11.18 00:00	1.59054	1.60534	1.58864	1.60389	46719
2010.11.19 00:00	1.60388	1.60921	1.59347	1.59863	40630
2010.11.22 00:00	1.59784	1.60834	1.58966	1.5955	91116
2010.11.23 00:00	1.59555	1.5963	1.57569	1.57729	57129
2010.11.24 00:00	1.57728	1.5835	1.574	1.57697	53997
2010.11.25 00:00	1.57696	1.5792	1.5724	1.57585	32347
2010.11.26 00:00	1.57584	1.57701	1.55742	1.55905	41879
2010.11.29 00:00	1.55958	1.56461	1.55258	1.55714	90016
2010.11.30 00:00	1.55704	1.55941	1.54831	1.55594	58815
2010.12.01 00:00	1.55602	1.56465	1.5546	1.56203	54697
2010.12.02 00:00	1.56205	1.56658	1.55101	1.55983	51865
2010.12.03 00:00	1.55981	1.57854	1.55796	1.57698	51111
2010.12.06 00:00	1.57746	1.57746	1.56538	1.5714	92499
2010.12.07 00:00	1.57138	1.58202	1.57001	1.57562	62139
2010.12.08 00:00	1.57561	1.58342	1.56666	1.58014	52192
2010.12.09 00:00	1.58016	1.58392	1.57096	1.5767	52793
2010.12.10 00:00	1.57676	1.58597	1.5746	1.58082	44363
2010.12.13 00:00	1.57977	1.58961	1.57176	1.586	88812
2010.12.14 00:00	1.58598	1.59088	1.57372	1.57719	56131
2010.12.15 00:00	1.57716	1.57724	1.55289	1.55427	63143
2010.12.16 00:00	1.55426	1.56357	1.55382	1.56306	51515
2010.12.17 00:00	1.56305	1.56451	1.54527	1.55173	37584
2010.12.20 00:00	1.55133	1.55755	1.54748	1.55113	83528
2010.12.21 00:00	1.55109	1.5566	1.5434	1.54677	49568
2010.12.22 00:00	1.54682	1.54922	1.53545	1.53832	47628
2010.12.23 00:00	1.53835	1.5435	1.53719	1.54242	45881
2010.12.24 00:00	1.54248	1.54742	1.54154	1.54391	21311
2010.12.27 00:00	1.54409	1.54561	1.53686	1.5419	51181
2010.12.28 00:00	1.54188	1.55089	1.53435	1.5366	32390
2010.12.29 00:00	1.53658	1.55168	1.53492	1.5498	44858
2010.12.30 00:00	1.54982	1.55346	1.53657	1.54253	49606
2010.12.31 00:00	1.54244	1.56621	1.5423	1.55887	40765
2011.01.03 00:00	1.55656	1.55829	1.5432	1.54869	31882
2011.01.04 00:00	1.54868	1.56428	1.54528	1.55856	55119
2011.01.05 00:00	1.5585	1.56247	1.5449	1.55125	60974
2011.01.06 00:00	1.55123	1.55608	1.54474	1.54701	57315
2011.01.07 00:00	1.54697	1.55767	1.54044	1.55441	63020
2011.01.10 00:00	1.55197	1.56006	1.54734	1.55702	45656
2011.01.11 00:00	1.55707	1.56378	1.55111	1.5597	45385
2011.01.12 00:00	1.55969	1.57782	1.55816	1.5761	50315
2011.01.13 00:00	1.57614	1.5882	1.57161	1.5836	47362
2011.01.14 00:00	1.58361	1.58866	1.58084	1.5871	42347
2011.01.17 00:00	1.5864	1.59523	1.58338	1.58855	44070
2011.01.18 00:00	1.58848	1.60565	1.58748	1.59596	63002
2011.01.19 00:00	1.596	1.6035	1.59432	1.59936	63072
2011.01.20 00:00	1.5994	1.60075	1.58359	1.58944	64198
2011.01.21 00:00	1.58942	1.60151	1.58655	1.60026	57642
2011.01.24 00:00	1.59586	1.60115	1.5919	1.59856	39544
2011.01.25 00:00	1.59862	1.60149	1.57496	1.58152	63110
2011.01.26 00:00	1.58158	1.59327	1.5768	1.59316	66695
2011.01.27 00:00	1.59319	1.59887	1.58782	1.59268	69616
2011.01.28 00:00	1.5926	1.59634	1.58234	1.58593	66424
2011.01.31 00:00	1.58468	1.60465	1.58202	1.60116	60389
2011.02.01 00:00	1.60123	1.61615	1.6008	1.61376	67149
2011.02.02 00:00	1.61389	1.62277	1.61247	1.61887	63695
2011.02.03 00:00	1.61885	1.62753	1.61198	1.61347	62729
2011.02.04 00:00	1.61341	1.61695	1.60332	1.60968	58051
2011.02.07 00:00	1.60952	1.61833	1.60882	1.61075	52143
2011.02.08 00:00	1.61076	1.61612	1.6026	1.60652	64653
2011.02.09 00:00	1.60654	1.6122	1.60316	1.61016	61857
2011.02.10 00:00	1.61006	1.61353	1.60058	1.60945	62319
2011.02.11 00:00	1.60953	1.61117	1.59616	1.60001	58978
2011.02.14 00:00	1.59849	1.60755	1.59793	1.60344	50689
2011.02.15 00:00	1.60357	1.61689	1.60056	1.61252	60048
2011.02.16 00:00	1.61259	1.61839	1.5985	1.60922	56263
2011.02.17 00:00	1.6092	1.61838	1.60731	1.61714	56019
2011.02.18 00:00	1.61715	1.62609	1.61468	1.62319	52334
2011.02.21 00:00	1.62573	1.62585	1.62015	1.62248	34534
2011.02.22 00:00	1.6224	1.62266	1.6099	1.61346	58590
2011.02.23 00:00	1.61347	1.62708	1.61311	1.62096	56683
2011.02.24 00:00	1.62097	1.62523	1.60832	1.61364	56935
2011.02.25 00:00	1.61366	1.61596	1.60296	1.61124	50430
2011.02.28 00:00	1.61106	1.62736	1.60704	1.62562	48119
2011.03.01 00:00	1.6256	1.63262	1.62488	1.62663	59112
2011.03.02 00:00	1.62662	1.6342	1.6213	1.63221	58283
2011.03.03 00:00	1.63227	1.63317	1.62489	1.62752	56076
2011.03.04 00:00	1.62744	1.6303	1.62332	1.62685	52342
2011.03.07 00:00	1.62734	1.63387	1.61808	1.61985	46117
2011.03.08 00:00	1.61983	1.62071	1.61236	1.61582	48764
2011.03.09 00:00	1.61584	1.62406	1.61369	1.62015	47501
2011.03.10 00:00	1.62006	1.62121	1.60368	1.6059	56710
2011.03.11 00:00	1.60586	1.6083	1.59752	1.60828	62825
2011.03.14 00:00	1.60872	1.61968	1.60261	1.6171	51213
2011.03.15 00:00	1.6171	1.61822	1.59767	1.6079	62372
2011.03.16 00:00	1.60797	1.61297	1.59845	1.59886	64897
2011.03.17 00:00	1.59875	1.61677	1.59818	1.61414	70470
2011.03.18 00:00	1.61413	1.62533	1.60592	1.62326	63047
2011.03.21 00:00	1.62176	1.6326	1.62029	1.63018	43108
2011.03.22 00:00	1.63016	1.63988	1.62916	1.6373	51309
2011.03.23 00:00	1.63722	1.63816	1.62172	1.62414	57096
2011.03.24 00:00	1.62414	1.6266	1.60907	1.61189	60324
2011.03.25 00:00	1.61185	1.61409	1.60061	1.60404	63828
2011.03.28 00:00	1.60029	1.60368	1.59358	1.59916	47134
2011.03.29 00:00	1.59915	1.60411	1.59423	1.60095	52606
2011.03.30 00:00	1.601	1.60819	1.59778	1.60717	56691
2011.03.31 00:00	1.60719	1.61496	1.60149	1.60266	52127
2011.04.01 00:00	1.60267	1.61308	1.59712	1.61139	50759
2011.04.04 00:00	1.61064	1.61758	1.61032	1.61301	37747
2011.04.05 00:00	1.61303	1.62955	1.60905	1.62948	45444
2011.04.06 00:00	1.62951	1.63619	1.62563	1.63303	53941
2011.04.07 00:00	1.63301	1.63379	1.62621	1.63207	61048
2011.04.08 00:00	1.63203	1.64267	1.63117	1.6362	64239
2011.04.11 00:00	1.63788	1.6425	1.6311	1.63448	56940
2011.04.12 00:00	1.63439	1.63482	1.62252	1.62558	69545
2011.04.13 00:00	1.6256	1.63079	1.62357	1.62675	60923
2011.04.14 00:00	1.62673	1.63827	1.62528	1.63495	58280
2011.04.15 00:00	1.63493	1.63723	1.62911	1.62941	51936
2011.04.18 00:00	1.6307	1.63262	1.61637	1.6264	60282
2011.04.19 00:00	1.62639	1.6334	1.62291	1.63138	64285
2011.04.20 00:00	1.63147	1.64251	1.63049	1.64079	66922
2011.04.21 00:00	1.64081	1.65977	1.63847	1.65207	63544
2011.04.22 00:00	1.65203	1.65673	1.65015	1.65152	14520
2011.04.25 00:00	1.65285	1.65517	1.64666	1.64962	29813
2011.04.26 00:00	1.64964	1.65303	1.643	1.64795	44929
2011.04.27 00:00	1.64794	1.66349	1.64332	1.66248	51567
2011.04.28 00:00	1.66251	1.67444	1.66191	1.66302	46475
2011.04.29 00:00	1.66301	1.67205	1.66221	1.6701	36026
2011.05.02 00:00	1.67114	1.67362	1.66347	1.66532	40472
2011.05.03 00:00	1.6653	1.66595	1.64618	1.64851	47661
2011.05.04 00:00	1.64849	1.65719	1.64508	1.64871	51318
2011.05.05 00:00	1.64869	1.65418	1.63568	1.63857	52808
2011.05.06 00:00	1.63855	1.64615	1.63514	1.63951	63123
2011.05.09 00:00	1.63556	1.64051	1.62686	1.64024	54421
2011.05.10 00:00	1.64023	1.64189	1.63145	1.63636	53275
2011.05.11 00:00	1.63637	1.65155	1.63211	1.63434	51078
2011.05.12 00:00	1.63437	1.6379	1.62285	1.62895	55913
2011.05.13 00:00	1.62892	1.63074	1.61449	1.61905	50828
2011.05.16 00:00	1.62089	1.62527	1.61589	1.619	50598
2011.05.17 00:00	1.61902	1.6302	1.61734	1.62501	57527
2011.05.18 00:00	1.62502	1.62866	1.61047	1.6166	54998
2011.05.19 00:00	1.61661	1.62406	1.61294	1.62343	53528
2011.05.20 00:00	1.62346	1.63034	1.61656	1.62473	50013
2011.05.23 00:00	1.62243	1.6232	1.60872	1.61196	53633
2011.05.24 00:00	1.61198	1.62072	1.60576	1.61796	54489
2011.05.25 00:00	1.61795	1.62917	1.61312	1.62727	53378
2011.05.26 00:00	1.62726	1.64034	1.62663	1.64034	51005
2011.05.27 00:00	1.64023	1.65072	1.63784	1.64789	53175
2011.05.30 00:00	1.64981	1.65106	1.64497	1.64736	29935
2011.05.31 00:00	1.64735	1.65455	1.6423	1.64466	52110
2011.06.01 00:00	1.64467	1.64946	1.633	1.63327	52601
2011.06.02 00:00	1.63326	1.64162	1.63038	1.6371	49831
2011.06.03 00:00	1.63704	1.64366	1.62828	1.64259	59821
2011.06.06 00:00	1.64151	1.64594	1.63388	1.63548	54717
2011.06.07 00:00	1.63549	1.64695	1.63229	1.64421	53132
2011.06.08 00:00	1.64428	1.64499	1.63466	1.64015	46350
2011.06.09 00:00	1.64014	1.64641	1.63569	1.63631	44163
2011.06.10 00:00	1.63625	1.63806	1.62098	1.62249	47816
2011.06.13 00:00	1.62301	1.63879	1.6215	1.63718	46269
2011.06.14 00:00	1.63722	1.64397	1.6354	1.63688	46818
2011.06.15 00:00	1.63686	1.63814	1.61672	1.61912	44965
2011.06.16 00:00	1.61922	1.62232	1.60765	1.61553	57136
2011.06.17 00:00	1.6156	1.61936	1.6092	1.6178	46252
2011.06.20 00:00	1.6162	1.62327	1.61077	1.62018	47383
2011.06.21 00:00	1.62021	1.62518	1.61656	1.624	47713
2011.06.22 00:00	1.62402	1.626	1.60588	1.60696	53154
2011.06.23 00:00	1.60699	1.60732	1.59369	1.60037	56501
2011.06.24 00:00	1.60035	1.60446	1.59498	1.59679	54252
2011.06.27 00:00	1.59613	1.60098	1.59115	1.59882	53183
2011.06.28 00:00	1.59878	1.60419	1.59103	1.59982	53117
2011.06.29 00:00	1.59985	1.60724	1.59689	1.60602	52215
2011.06.30 00:00	1.60595	1.61172	1.59714	1.60507	52437
2011.07.01 00:00	1.60501	1.60945	1.59863	1.60677	52308
2011.07.04 00:00	1.60603	1.6139	1.60526	1.60809	36740
2011.07.05 00:00	1.60804	1.61231	1.59895	1.60587	38812
2011.07.06 00:00	1.60586	1.6089	1.59456	1.60014	40508
2011.07.07 00:00	1.6002	1.60162	1.59432	1.59714	41342
2011.07.08 00:00	1.59724	1.60763	1.59302	1.6044	41453
2011.07.11 00:00	1.60158	1.60401	1.58816	1.59052	44698
2011.07.12 00:00	1.59051	1.59473	1.57799	1.59112	54726
2011.07.13 00:00	1.59108	1.61197	1.59022	1.61043	49401
2011.07.14 00:00	1.61049	1.61916	1.60935	1.61399	53321
2011.07.15 00:00	1.61397	1.61746	1.6075	1.61344	50112
2011.07.18 00:00	1.61097	1.61312	1.60042	1.60554	52278
2011.07.19 00:00	1.60556	1.6176	1.60387	1.61224	53020
2011.07.20 00:00	1.61223	1.61656	1.60676	1.61515	48061
2011.07.21 00:00	1.61523	1.63316	1.61197	1.63281	54504
2011.07.22 00:00	1.63285	1.63394	1.62636	1.62985	48421
2011.07.25 00:00	1.63301	1.63434	1.62605	1.62749	47933
2011.07.26 00:00	1.6275	1.64275	1.62648	1.64021	52410
2011.07.27 00:00	1.64023	1.64374	1.63114	1.6326	51535
2011.07.28 00:00	1.63265	1.63815	1.62931	1.63713	49539
2011.07.29 00:00	1.63715	1.64687	1.62604	1.64108	56925
2011.08.01 00:00	1.64244	1.64739	1.62367	1.62942	56818
2011.08.02 00:00	1.6294	1.63276	1.62231	1.62957	58872
2011.08.03 00:00	1.6296	1.64294	1.62496	1.64253	59512
2011.08.04 00:00	1.6425	1.64384	1.62446	1.62527	66348
2011.08.05 00:00	1.62536	1.6395	1.6228	1.63876	72738
2011.08.08 00:00	1.64688	1.64762	1.62965	1.63172	71548
2011.08.09 00:00	1.63168	1.6409	1.61748	1.63143	76331
2011.08.10 00:00	1.63139	1.6335	1.61217	1.61324	66951
2011.08.11 00:00	1.61322	1.62377	1.61101	1.62367	70323
2011.08.12 00:00	1.6237	1.6311	1.61646	1.62775	58099
2011.08.15 00:00	1.62779	1.64072	1.62535	1.63873	48908
2011.08.16 00:00	1.63878	1.64745	1.63201	1.64541	51491
2011.08.17 00:00	1.64544	1.65892	1.63461	1.65417	51553
2011.08.18 00:00	1.65418	1.6553	1.64171	1.65137	53811
2011.08.19 00:00	1.65136	1.66161	1.64434	1.6475	62509
2011.08.22 00:00	1.64673	1.65186	1.64342	1.64513	51931
2011.08.23 00:00	1.64512	1.65704	1.64454	1.64934	53090
2011.08.24 00:00	1.64936	1.65321	1.63645	1.63721	50747
2011.08.25 00:00	1.63723	1.63954	1.62601	1.62789	49444
2011.08.26 00:00	1.62788	1.63606	1.62071	1.63472	51168
2011.08.29 00:00	1.63506	1.64524	1.63236	1.64065	42284
2011.08.30 00:00	1.64063	1.64191	1.62544	1.62978	47333
2011.08.31 00:00	1.62973	1.63323	1.62302	1.62466	46917
2011.09.01 00:00	1.62471	1.62622	1.61308	1.61782	51221
2011.09.02 00:00	1.61781	1.62524	1.61705	1.62236	49963
2011.09.05 00:00	1.61538	1.61849	1.60608	1.61165	42636
2011.09.06 00:00	1.61164	1.61984	1.59206	1.59412	57252
2011.09.07 00:00	1.59408	1.6038	1.59164	1.59893	52192
2011.09.08 00:00	1.59895	1.60822	1.59117	1.5957	54285
2011.09.09 00:00	1.59569	1.59896	1.58426	1.58802	62761
2011.09.12 00:00	1.58366	1.58844	1.57712	1.58608	65301
2011.09.13 00:00	1.58614	1.58682	1.57609	1.57778	60405
2011.09.14 00:00	1.57777	1.58123	1.57059	1.57664	51767
2011.09.15 00:00	1.57665	1.58666	1.57298	1.57985	44785
2011.09.16 00:00	1.57984	1.58392	1.57437	1.57964	41504
2011.09.19 00:00	1.57482	1.57543	1.56347	1.57036	43480
2011.09.20 00:00	1.5703	1.57459	1.5651	1.57348	46166
2011.09.21 00:00	1.57342	1.57446	1.54855	1.54985	47910
2011.09.22 00:00	1.54982	1.55176	1.53267	1.53419	58203
2011.09.23 00:00	1.53414	1.54899	1.5331	1.54875	57829
2011.09.26 00:00	1.54801	1.55692	1.54316	1.55638	54897
2011.09.27 00:00	1.55636	1.5704	1.55244	1.56322	51056
2011.09.28 00:00	1.56328	1.56758	1.55635	1.55736	51142
2011.09.29 00:00	1.5574	1.57139	1.5542	1.56265	62595
2011.09.30 00:00	1.56264	1.56644	1.55319	1.55869	62143
2011.10.03 00:00	1.55509	1.55832	1.54257	1.54301	64067
2011.10.04 00:00	1.54302	1.54936	1.53392	1.5487	71415
2011.10.05 00:00	1.54866	1.54921	1.53937	1.54592	67054
2011.10.06 00:00	1.54588	1.55008	1.52708	1.54432	68189
2011.10.07 00:00	1.54431	1.56442	1.54221	1.55589	64453
2011.10.10 00:00	1.55594	1.56871	1.55258	1.5666	55742
2011.10.11 00:00	1.56661	1.56687	1.55732	1.55758	60281
2011.10.12 00:00	1.55756	1.57962	1.55419	1.57501	64329
2011.10.13 00:00	1.57504	1.57829	1.56648	1.57648	63151
2011.10.14 00:00	1.57648	1.58503	1.57203	1.58062	51649
2011.10.17 00:00	1.58316	1.58462	1.573	1.57427	53675
2011.10.18 00:00	1.57426	1.58199	1.56297	1.57126	65674
2011.10.19 00:00	1.5713	1.58458	1.5694	1.57728	72651
2011.10.20 00:00	1.57725	1.58014	1.56794	1.57879	75851
2011.10.21 00:00	1.57876	1.59602	1.57516	1.59588	62680
2011.10.24 00:00	1.59317	1.60075	1.58993	1.59948	66932
2011.10.25 00:00	1.59959	1.6037	1.59545	1.59988	68742
2011.10.26 00:00	1.59999	1.60404	1.58894	1.59741	68859
2011.10.27 00:00	1.5974	1.61396	1.59526	1.60984	75419
2011.10.28 00:00	1.60983	1.61505	1.60698	1.61268	65823
2011.10.30 00:00	1.61303	1.6132	1.61084	1.6109	1512
2011.10.31 00:00	1.61091	1.61646	1.59642	1.60752	67886
2011.11.01 00:00	1.60753	1.60918	1.58893	1.59388	72634
2011.11.02 00:00	1.5938	1.60443	1.58822	1.59064	60654
2011.11.03 00:00	1.59062	1.60601	1.58756	1.60334	61870
2011.11.04 00:00	1.60335	1.60625	1.59453	1.60317	49323
2011.11.06 00:00	1.60684	1.60707	1.60148	1.6032	2385
2011.11.07 00:00	1.60328	1.6078	1.5979	1.60627	48847
2011.11.08 00:00	1.60628	1.61288	1.6035	1.6095	46544
2011.11.09 00:00	1.60951	1.6119	1.59018	1.59109	58313
2011.11.10 00:00	1.5911	1.59839	1.58676	1.59375	63036
2011.11.11 00:00	1.59372	1.6092	1.58943	1.6077	57403
2011.11.13 00:00	1.60883	1.60893	1.60617	1.60748	2969
2011.11.14 00:00	1.60748	1.60908	1.58798	1.58966	62316
2011.11.15 00:00	1.58968	1.5931	1.57975	1.5802	67120
2011.11.16 00:00	1.58018	1.58145	1.56946	1.5701	81983
2011.11.17 00:00	1.57008	1.58112	1.56897	1.57476	86026
2011.11.18 00:00	1.57476	1.58872	1.57362	1.57878	78219
2011.11.20 00:00	1.57902	1.57993	1.57568	1.57724	3409
2011.11.21 00:00	1.57738	1.57747	1.56115	1.56361	71722
2011.11.22 00:00	1.56363	1.56903	1.55814	1.56452	69264
2011.11.23 00:00	1.56451	1.56548	1.54936	1.55204	64797
2011.11.24 00:00	1.55202	1.5565	1.54698	1.54749	53477
2011.11.25 00:00	1.54748	1.55168	1.54223	1.54502	53434
2011.11.27 00:00	1.54867	1.55018	1.54639	1.54847	3928
2011.11.28 00:00	1.54843	1.55936	1.54576	1.54976	61983
2011.11.29 00:00	1.54976	1.56556	1.54686	1.5595	65172
2011.11.30 00:00	1.55951	1.57787	1.55253	1.57031	68106
2011.12.01 00:00	1.57034	1.57548	1.56361	1.56822	60214
2011.12.02 00:00	1.56823	1.57194	1.55757	1.55992	57204
2011.12.04 00:00	1.56256	1.5627	1.5585	1.5604	3060
2011.12.05 00:00	1.56042	1.57155	1.55862	1.56416	60280
2011.12.06 00:00	1.56413	1.56632	1.5561	1.56018	61138
2011.12.07 00:00	1.56016	1.5721	1.5594	1.56975	50878
2011.12.08 00:00	1.56976	1.57684	1.56094	1.56348	49014
2011.12.09 00:00	1.56348	1.57338	1.55847	1.56618	52388
2011.12.11 00:00	1.56522	1.56566	1.56331	1.56519	2473
2011.12.12 00:00	1.5652	1.56566	1.55366	1.55736	51220
2011.12.13 00:00	1.55735	1.56282	1.54503	1.5476	61807
2011.12.14 00:00	1.54766	1.55304	1.54074	1.54718	69243
2011.12.15 00:00	1.54719	1.55284	1.5433	1.55223	67135
2011.12.16 00:00	1.55223	1.55562	1.54824	1.5519	47542
2011.12.18 00:00	1.55434	1.55436	1.5514	1.55146	1825
2011.12.19 00:00	1.55148	1.55441	1.54648	1.5507	48227
2011.12.20 00:00	1.5507	1.56996	1.55016	1.56678	46745
2011.12.21 00:00	1.56676	1.5773	1.5647	1.56664	46685
2011.12.22 00:00	1.56665	1.57274	1.56485	1.56788	37316
2011.12.23 00:00	1.56798	1.57066	1.55874	1.55902	29547
2011.12.25 00:00	1.55894	1.55894	1.55894	1.55894	1
2011.12.26 00:00	1.55872	1.56307	1.55872	1.56264	1221
2011.12.27 00:00	1.56281	1.56792	1.55963	1.56615	22987
2011.12.28 00:00	1.56614	1.56907	1.54362	1.54365	33617
2011.12.29 00:00	1.54361	1.54747	1.53614	1.54135	35950
2011.12.30 00:00	1.54137	1.55708	1.54012	1.55304	36202
2012.01.02 00:00	1.54981	1.55374	1.54674	1.55175	13701
2012.01.03 00:00	1.55174	1.56688	1.55046	1.56434	47432
2012.01.04 00:00	1.5644	1.56677	1.55788	1.56082	50780
2012.01.05 00:00	1.5608	1.56283	1.54665	1.54983	58762
2012.01.06 00:00	1.54984	1.5524	1.53748	1.54266	48836
2012.01.08 00:00	1.54233	1.543	1.53975	1.54163	3563
2012.01.09 00:00	1.54162	1.5469	1.53948	1.54557	50388
2012.01.10 00:00	1.54556	1.54994	1.54452	1.54706	45118
2012.01.11 00:00	1.54704	1.54866	1.53085	1.5334	43469
2012.01.12 00:00	1.53337	1.53666	1.52788	1.53396	41903
2012.01.13 00:00	1.53398	1.54076	1.5233	1.5322	48641
2012.01.15 00:00	1.52796	1.53009	1.52769	1.53007	2941
2012.01.16 00:00	1.53008	1.53506	1.52812	1.53202	43833
2012.01.17 00:00	1.53206	1.54033	1.5315	1.53378	53961
2012.01.18 00:00	1.53378	1.5441	1.53265	1.5427	60751
2012.01.19 00:00	1.54268	1.54915	1.54148	1.54812	48161
2012.01.20 00:00	1.54813	1.55679	1.54497	1.55671	39433
2012.01.22 00:00	1.55544	1.55654	1.55396	1.55422	3083
2012.01.23 00:00	1.55418	1.5601	1.5516	1.55772	45624
2012.01.24 00:00	1.55771	1.56272	1.55324	1.56239	43882
2012.01.25 00:00	1.56236	1.56775	1.55292	1.56564	45772
2012.01.26 00:00	1.56565	1.57336	1.56498	1.56744	43601
2012.01.27 00:00	1.5673	1.57388	1.56408	1.57282	42026
2012.01.29 00:00	1.5735	1.57354	1.57151	1.57218	2211
2012.01.30 00:00	1.57218	1.5725	1.56534	1.57048	40089
2012.01.31 00:00	1.57048	1.57948	1.56998	1.5759	44534
2012.02.01 00:00	1.57588	1.58817	1.57057	1.58448	46310
2012.02.02 00:00	1.58448	1.58574	1.57944	1.58016	42871
2012.02.03 00:00	1.58016	1.58592	1.5749	1.58152	41244
2012.02.05 00:00	1.58039	1.58236	1.57861	1.57996	2768
2012.02.06 00:00	1.57997	1.58397	1.57291	1.5811	48523
2012.02.07 00:00	1.58113	1.59054	1.57881	1.58917	117925
2012.02.08 00:00	1.5892	1.59284	1.57956	1.58092	63971
2012.02.09 00:00	1.58095	1.58855	1.57923	1.58113	66981
2012.02.10 00:00	1.58097	1.5849	1.573	1.57528	54745
2012.02.12 00:00	1.57662	1.57984	1.5761	1.57759	7895
2012.02.13 00:00	1.57772	1.5827	1.57152	1.5722	118405
2012.02.14 00:00	1.57205	1.577	1.56441	1.56898	124220
2012.02.15 00:00	1.56905	1.57354	1.56705	1.56836	129944
2012.02.16 00:00	1.56847	1.58169	1.5655	1.58051	126632
2012.02.17 00:00	1.58041	1.58623	1.57893	1.58237	66530
2012.02.19 00:00	1.58329	1.58781	1.58326	1.58644	4980
2012.02.20 00:00	1.58647	1.588	1.58194	1.58286	46585
2012.02.21 00:00	1.58291	1.58647	1.57722	1.57906	63560
2012.02.22 00:00	1.57871	1.58142	1.5648	1.56699	60726
2012.02.23 00:00	1.56698	1.57513	1.56583	1.57431	78445
2012.02.24 00:00	1.57421	1.58988	1.57255	1.58761	43722
2012.02.26 00:00	1.5886	1.59022	1.58822	1.58838	3091
2012.02.27 00:00	1.58833	1.5887	1.58101	1.58298	53195
2012.02.28 00:00	1.58301	1.59231	1.57995	1.59214	51885
2012.02.29 00:00	1.59198	1.59919	1.59045	1.59206	93417
2012.03.01 00:00	1.59207	1.59749	1.58962	1.59586	97945
2012.03.02 00:00	1.59584	1.59659	1.58231	1.58328	107602
2012.03.04 00:00	1.58387	1.58442	1.58302	1.58302	1234
2012.03.05 00:00	1.58305	1.58769	1.57855	1.58735	43928
2012.03.06 00:00	1.58739	1.5882	1.5696	1.57189	47287
2012.03.07 00:00	1.572	1.57587	1.56974	1.57307	44887
2012.03.08 00:00	1.57307	1.58331	1.57238	1.58211	51702
2012.03.09 00:00	1.58211	1.58286	1.56619	1.56724	50902
2012.03.11 00:00	1.56701	1.56723	1.56611	1.56664	2164
2012.03.12 00:00	1.56664	1.56952	1.56023	1.56503	86186
2012.03.13 00:00	1.56501	1.57475	1.56204	1.57035	90983
2012.03.14 00:00	1.57044	1.57436	1.56491	1.56514	86732
2012.03.15 00:00	1.56515	1.57366	1.56337	1.5702	94446
2012.03.16 00:00	1.57017	1.5861	1.56939	1.58401	84714
2012.03.18 00:00	1.58407	1.58486	1.58301	1.58347	1214
2012.03.19 00:00	1.58348	1.59137	1.58212	1.58858	38573
2012.03.20 00:00	1.58858	1.58971	1.58308	1.58633	41819
2012.03.21 00:00	1.5863	1.59229	1.58168	1.58729	90855
2012.03.22 00:00	1.58734	1.5892	1.57704	1.58228	98727
2012.03.23 00:00	1.58229	1.59085	1.58057	1.5868	95045
2012.03.25 00:00	1.58712	1.58833	1.58692	1.58774	1893
2012.03.26 00:00	1.58771	1.59732	1.5801	1.59596	95583
2012.03.27 00:00	1.59599	1.60008	1.59419	1.59522	84215
2012.03.28 00:00	1.59521	1.59637	1.58418	1.58906	49460
2012.03.29 00:00	1.58907	1.59638	1.58599	1.59568	63744
2012.03.30 00:00	1.59567	1.60366	1.59546	1.60129	59483
2012.04.01 00:00	1.60066	1.60262	1.60054	1.60107	1978
2012.04.02 00:00	1.60107	1.60627	1.59791	1.60353	46096
2012.04.03 00:00	1.60347	1.60459	1.5891	1.59029	52139
2012.04.04 00:00	1.59032	1.59098	1.58326	1.5902	54028
2012.04.05 00:00	1.59021	1.59082	1.5805	1.58281	43701
2012.04.06 00:00	1.58279	1.58902	1.58247	1.58734	19826
2012.04.08 00:00	1.58892	1.58897	1.58523	1.58759	1528
2012.04.09 00:00	1.58794	1.59137	1.58352	1.5906	27516
2012.04.10 00:00	1.5906	1.59308	1.58094	1.58523	67490
2012.04.11 00:00	1.5852	1.59376	1.58516	1.59228	75335
2012.04.12 00:00	1.5923	1.59849	1.5912	1.59572	49738
2012.04.13 00:00	1.59579	1.59693	1.58409	1.58454	84242
2012.04.15 00:00	1.58517	1.58576	1.58334	1.58368	1820
2012.04.16 00:00	1.58373	1.59106	1.58185	1.58949	60949
2012.04.17 00:00	1.58945	1.59702	1.58622	1.59397	80681
2012.04.18 00:00	1.59394	1.60422	1.58947	1.6019	80121
2012.04.19 00:00	1.60188	1.60776	1.60088	1.60586	87966
2012.04.20 00:00	1.60586	1.61488	1.60378	1.61176	47815
2012.04.22 00:00	1.61244	1.6132	1.61227	1.61305	1320
2012.04.23 00:00	1.61308	1.61342	1.60764	1.61167	53785
2012.04.24 00:00	1.61167	1.61636	1.61093	1.61428	65150
2012.04.25 00:00	1.6143	1.61822	1.60812	1.61776	57732
2012.04.26 00:00	1.61764	1.62067	1.61579	1.61785	47130
2012.04.27 00:00	1.6178	1.62796	1.61529	1.62638	46851
2012.04.29 00:00	1.62719	1.62799	1.62635	1.62791	1200
2012.04.30 00:00	1.62791	1.63009	1.62209	1.62301	51157
2012.05.01 00:00	1.62298	1.62471	1.6186	1.62203	34934
2012.05.02 00:00	1.62205	1.62384	1.61601	1.61925	71268
2012.05.03 00:00	1.61923	1.62153	1.61602	1.61899	66871
2012.05.04 00:00	1.61899	1.62027	1.61407	1.61423	38819
2012.05.06 00:00	1.61494	1.61495	1.61168	1.61179	3819
2012.05.07 00:00	1.61192	1.61986	1.61141	1.61894	41930
2012.05.08 00:00	1.61887	1.61896	1.61242	1.61446	49124
2012.05.09 00:00	1.61452	1.61562	1.60667	1.61358	50605
2012.05.10 00:00	1.61359	1.6182	1.60912	1.61327	78557
2012.05.11 00:00	1.61318	1.6143	1.60614	1.6066	63170
2012.05.13 00:00	1.60632	1.6079	1.60597	1.60726	2252
2012.05.14 00:00	1.60726	1.61231	1.60509	1.60978	47479
2012.05.15 00:00	1.60999	1.61137	1.59831	1.59837	45163
2012.05.16 00:00	1.59834	1.59889	1.58891	1.59209	48968
2012.05.17 00:00	1.59206	1.59321	1.578	1.5784	49440
2012.05.18 00:00	1.5784	1.58374	1.57321	1.58114	74893
2012.05.20 00:00	1.58095	1.58124	1.5793	1.58112	2067
2012.05.21 00:00	1.58109	1.58409	1.57793	1.58284	45114
2012.05.22 00:00	1.58262	1.58477	1.57404	1.57569	72840
2012.05.23 00:00	1.5757	1.57672	1.56748	1.56795	96012
2012.05.24 00:00	1.56803	1.57265	1.56385	1.56571	86411
2012.05.25 00:00	1.56563	1.56995	1.56306	1.56538	68588
2012.05.27 00:00	1.56785	1.56916	1.56731	1.56784	3296
2012.05.28 00:00	1.56793	1.57165	1.56634	1.56658	45294
2012.05.29 00:00	1.56651	1.57164	1.56078	1.5632	85558
2012.05.30 00:00	1.56323	1.56376	1.54713	1.54807	99407
2012.05.31 00:00	1.54811	1.5526	1.53601	1.53969	93566
2012.06.01 00:00	1.53959	1.54379	1.52681	1.53576	70133
2012.06.03 00:00	1.53676	1.53717	1.53426	1.53482	3083
2012.06.04 00:00	1.53492	1.54152	1.5342	1.53955	50703
2012.06.05 00:00	1.53953	1.5408	1.53219	1.53826	52498
2012.06.06 00:00	1.53829	1.55151	1.53762	1.54809	58816
2012.06.07 00:00	1.54811	1.56003	1.54299	1.55217	63624
2012.06.08 00:00	1.55217	1.55245	1.54039	1.54676	85236
2012.06.10 00:00	1.55257	1.55481	1.55219	1.55351	4314
2012.06.11 00:00	1.55341	1.55818	1.54619	1.54829	78434
2012.06.12 00:00	1.54833	1.55904	1.54546	1.55648	73003
2012.06.13 00:00	1.55649	1.55981	1.55026	1.55192	78715
2012.06.14 00:00	1.5519	1.5564	1.54726	1.55515	73173
2012.06.15 00:00	1.55508	1.57264	1.54759	1.57066	77918
2012.06.17 00:00	1.57282	1.57323	1.56921	1.57135	3257
2012.06.18 00:00	1.57133	1.57308	1.56366	1.56845	59019
2012.06.19 00:00	1.56841	1.57572	1.56148	1.57172	49187
2012.06.20 00:00	1.57184	1.57774	1.5651	1.57051	50596
2012.06.21 00:00	1.57036	1.5733	1.55774	1.55977	66496
2012.06.22 00:00	1.55976	1.56342	1.55563	1.55815	58525
2012.06.24 00:00	1.55847	1.55935	1.55795	1.55814	1100
2012.06.25 00:00	1.55809	1.55901	1.55386	1.55643	47839
2012.06.26 00:00	1.55641	1.56504	1.55636	1.56331	57899
2012.06.27 00:00	1.56331	1.56403	1.55456	1.55687	52092
2012.06.28 00:00	1.55684	1.56231	1.54849	1.55169	67498
2012.06.29 00:00	1.55163	1.57148	1.55127	1.57028	94895
2012.07.01 00:00	1.56951	1.56976	1.56721	1.56783	3283
2012.07.02 00:00	1.56815	1.57216	1.5641	1.56896	83877
2012.07.03 00:00	1.5689	1.57129	1.56579	1.56879	68409
2012.07.04 00:00	1.56877	1.56894	1.5574	1.55818	46777
2012.07.05 00:00	1.55819	1.56225	1.54997	1.55285	56182
2012.07.06 00:00	1.55288	1.55509	1.54607	1.54826	63959
2012.07.08 00:00	1.5483	1.54864	1.54718	1.54788	2754
2012.07.09 00:00	1.54783	1.55345	1.547	1.5527	45407
2012.07.10 00:00	1.55273	1.55489	1.54783	1.55154	70411
2012.07.11 00:00	1.55148	1.55778	1.54857	1.5508	48818
2012.07.12 00:00	1.55079	1.55162	1.53932	1.54233	41673
2012.07.13 00:00	1.54241	1.55799	1.54136	1.55741	42423
2012.07.16 00:00	1.55802	1.5654	1.55168	1.56246	61171
2012.07.17 00:00	1.56247	1.56783	1.55542	1.56635	71311
2012.07.18 00:00	1.56633	1.56682	1.5581	1.56459	70535
2012.07.19 00:00	1.5646	1.57376	1.56359	1.57156	72805
2012.07.20 00:00	1.57157	1.57187	1.56116	1.56193	65981
2012.07.23 00:00	1.56094	1.56108	1.5485	1.55155	79404
2012.07.24 00:00	1.55156	1.5552	1.54865	1.5498	80023
2012.07.25 00:00	1.54981	1.55513	1.54589	1.54846	81969
2012.07.26 00:00	1.54845	1.57239	1.54707	1.5682	87877
2012.07.27 00:00	1.56817	1.57678	1.56664	1.57424	84631
2012.07.30 00:00	1.57262	1.57318	1.56724	1.57113	68275
2012.07.31 00:00	1.57112	1.573	1.56253	1.56667	74444
2012.08.01 00:00	1.56663	1.56907	1.55305	1.55423	74722
2012.08.02 00:00	1.55425	1.56782	1.54908	1.55129	70415
2012.08.03 00:00	1.55127	1.56567	1.55046	1.56411	63185
2012.08.06 00:00	1.5653	1.5653	1.55465	1.55874	58705
2012.08.07 00:00	1.55862	1.56836	1.55644	1.56116	48223
2012.08.08 00:00	1.56121	1.56768	1.55726	1.56674	39932
2012.08.09 00:00	1.56668	1.5685	1.56057	1.56292	43165
2012.08.10 00:00	1.56289	1.57012	1.55771	1.56866	69505
2012.08.13 00:00	1.56659	1.5717	1.56567	1.56756	62278
2012.08.14 00:00	1.56756	1.57285	1.56698	1.56743	60645
2012.08.15 00:00	1.56745	1.57016	1.56605	1.56783	63619
2012.08.16 00:00	1.56782	1.57443	1.56363	1.57345	68478
2012.08.17 00:00	1.57348	1.57388	1.56743	1.56938	64561
2012.08.20 00:00	1.56877	1.5717	1.56784	1.57095	57054
2012.08.21 00:00	1.57091	1.58045	1.57059	1.57766	75126
2012.08.22 00:00	1.57766	1.58866	1.5768	1.58825	69909
2012.08.23 00:00	1.58825	1.59127	1.58529	1.58572	75919
2012.08.24 00:00	1.5857	1.58696	1.58019	1.58083	59138
2012.08.26 00:00	1.58038	1.5806	1.57998	1.58001	488
2012.08.27 00:00	1.58012	1.58284	1.57864	1.57906	38632
2012.08.28 00:00	1.57906	1.5836	1.57543	1.58252	70190
2012.08.29 00:00	1.58242	1.58548	1.58024	1.58257	46388
2012.08.30 00:00	1.58264	1.58745	1.57709	1.57867	41139
2012.08.31 00:00	1.57878	1.58954	1.57778	1.58643	78128
2012.09.02 00:00	1.58763	1.58813	1.58652	1.58655	4373
2012.09.03 00:00	1.58658	1.58979	1.58496	1.58788	49289
2012.09.04 00:00	1.58793	1.59086	1.58552	1.58639	66631
2012.09.05 00:00	1.58638	1.59341	1.58259	1.59026	81092
2012.09.06 00:00	1.59024	1.59428	1.5881	1.59315	80608
2012.09.07 00:00	1.59316	1.60338	1.59223	1.60047	83294
2012.09.09 00:00	1.60125	1.60174	1.60052	1.60068	3252
2012.09.10 00:00	1.60068	1.60177	1.59593	1.59909	63322
2012.09.11 00:00	1.59913	1.60835	1.59911	1.60718	76483
2012.09.12 00:00	1.60713	1.61308	1.60635	1.61053	90501
2012.09.13 00:00	1.61057	1.61741	1.60659	1.61514	86522
2012.09.14 00:00	1.61517	1.62558	1.61502	1.62186	88513
2012.09.16 00:00	1.62196	1.62354	1.62175	1.62227	3384
2012.09.17 00:00	1.62227	1.62731	1.62105	1.62399	67548
2012.09.18 00:00	1.62399	1.62672	1.62205	1.62428	79310
2012.09.19 00:00	1.62426	1.62709	1.61847	1.62313	79351
2012.09.20 00:00	1.62305	1.62357	1.61646	1.62209	90928
2012.09.21 00:00	1.62204	1.63083	1.62123	1.62261	89385
2012.09.23 00:00	1.62331	1.62481	1.623	1.62301	2172
2012.09.24 00:00	1.62304	1.62432	1.61818	1.62239	68488
2012.09.25 00:00	1.62227	1.62672	1.61828	1.61916	86572
2012.09.26 00:00	1.61914	1.62089	1.61367	1.61738	84115
2012.09.27 00:00	1.61734	1.62434	1.61658	1.62308	97267
2012.09.28 00:00	1.62303	1.62719	1.61126	1.61638	103282
2012.09.30 00:00	1.61439	1.61579	1.61172	1.61213	4792
2012.10.01 00:00	1.61231	1.61747	1.61083	1.61304	86457
2012.10.02 00:00	1.61304	1.61867	1.61245	1.61285	80614
2012.10.03 00:00	1.61285	1.61421	1.60669	1.61	84635
2012.10.04 00:00	1.60998	1.62025	1.60824	1.61835	89099
2012.10.05 00:00	1.61843	1.62169	1.61227	1.61326	73275
2012.10.07 00:00	1.61316	1.61415	1.61297	1.61349	2318
2012.10.08 00:00	1.61346	1.61377	1.60194	1.60239	77051
2012.10.09 00:00	1.60237	1.60458	1.59761	1.59967	90399
2012.10.10 00:00	1.59967	1.60341	1.59762	1.60052	84299
2012.10.11 00:00	1.6005	1.60538	1.59842	1.60465	73626
2012.10.12 00:00	1.60463	1.60971	1.60183	1.60651	76617
2012.10.14 00:00	1.60661	1.60825	1.60661	1.60711	1126
2012.10.15 00:00	1.60709	1.60782	1.6021	1.60712	77444
2012.10.16 00:00	1.60715	1.61332	1.60603	1.61152	78884
2012.10.17 00:00	1.61141	1.6178	1.61136	1.61389	77480
2012.10.18 00:00	1.61389	1.61707	1.60409	1.60559	79505
2012.10.19 00:00	1.6056	1.60666	1.59971	1.59984	59408
2012.10.21 00:00	1.60119	1.60125	1.59926	1.60016	1279
2012.10.22 00:00	1.60018	1.60519	1.59906	1.60167	33853
2012.10.23 00:00	1.60165	1.60235	1.59129	1.5947	56896
2012.10.24 00:00	1.59472	1.60477	1.59359	1.60329	87076
2012.10.25 00:00	1.6033	1.61433	1.60264	1.61198	87567
2012.10.26 00:00	1.61197	1.61412	1.60807	1.61024	77421
2012.10.28 00:00	1.60992	1.61021	1.60844	1.60845	1350
2012.10.29 00:00	1.60849	1.60925	1.60064	1.60326	54254
2012.10.30 00:00	1.60324	1.60875	1.60204	1.60834	53579
2012.10.31 00:00	1.60835	1.61385	1.60681	1.61318	76578
2012.11.01 00:00	1.61325	1.61745	1.61202	1.61308	70747
2012.11.02 00:00	1.613	1.61329	1.60074	1.60222	78035
2012.11.04 00:00	1.60104	1.60225	1.60094	1.60179	1608
2012.11.05 00:00	1.60177	1.60389	1.59572	1.59842	65418
2012.11.06 00:00	1.59842	1.60074	1.59651	1.59895	64623
2012.11.07 00:00	1.59891	1.60422	1.59544	1.59759	91443
2012.11.08 00:00	1.59763	1.60047	1.5929	1.59752	73188
2012.11.09 00:00	1.59748	1.60193	1.58875	1.58971	67847
2012.11.11 00:00	1.59011	1.59059	1.58911	1.58916	1754
2012.11.12 00:00	1.58918	1.59147	1.5864	1.58739	44384
2012.11.13 00:00	1.58753	1.59153	1.58575	1.58746	63554
2012.11.14 00:00	1.58743	1.5901	1.58382	1.58391	64004
2012.11.15 00:00	1.58385	1.58789	1.58268	1.58653	62344
2012.11.16 00:00	1.5865	1.59007	1.58357	1.58801	57120
2012.11.18 00:00	1.58846	1.59066	1.58814	1.58966	2550
2012.11.19 00:00	1.58979	1.59233	1.58869	1.58924	50705
2012.11.20 00:00	1.58923	1.59359	1.58917	1.59223	43724
2012.11.21 00:00	1.59226	1.5969	1.58824	1.59675	57423
2012.11.22 00:00	1.59656	1.59783	1.59192	1.59357	48673
2012.11.23 00:00	1.59358	1.60511	1.59269	1.60183	56959
2012.11.25 00:00	1.60299	1.60379	1.60204	1.60294	1596
2012.11.26 00:00	1.6029	1.60355	1.59963	1.60322	54013
2012.11.27 00:00	1.60321	1.60563	1.60091	1.60191	61674
2012.11.28 00:00	1.60191	1.60208	1.59622	1.60133	60482
2012.11.29 00:00	1.60136	1.60478	1.6002	1.60371	59356
2012.11.30 00:00	1.6037	1.60623	1.59954	1.60096	48894
2012.12.02 00:00	1.60167	1.60251	1.60136	1.60222	1388
2012.12.03 00:00	1.60222	1.6116	1.60203	1.60969	59754
2012.12.04 00:00	1.60961	1.61323	1.60861	1.60982	59864
2012.12.05 00:00	1.60984	1.61181	1.60822	1.6091	60863
2012.12.06 00:00	1.60912	1.61276	1.60357	1.60479	67953
2012.12.07 00:00	1.60481	1.60607	1.60021	1.60409	67460
2012.12.09 00:00	1.60374	1.60389	1.6023	1.60345	2302
2012.12.10 00:00	1.60358	1.60963	1.60136	1.60714	48521
2012.12.11 00:00	1.60714	1.6122	1.60685	1.61173	52046
2012.12.12 00:00	1.61173	1.61737	1.60947	1.61352	60982
2012.12.13 00:00	1.61349	1.61531	1.60838	1.61127	57794
2012.12.14 00:00	1.6113	1.61773	1.61034	1.61672	51540
2012.12.16 00:00	1.61673	1.61997	1.61673	1.61733	2235
2012.12.17 00:00	1.61727	1.62161	1.61574	1.62035	46955
2012.12.18 00:00	1.62043	1.6269	1.61949	1.62496	51794
2012.12.19 00:00	1.625	1.63064	1.62384	1.62503	58064
2012.12.20 00:00	1.62515	1.62959	1.62433	1.62715	58387
2012.12.21 00:00	1.62717	1.62734	1.61516	1.61687	54092
2012.12.23 00:00	1.61439	1.61646	1.61439	1.615	1434
2012.12.24 00:00	1.61496	1.62056	1.61003	1.61248	29828
2012.12.26 00:00	1.61309	1.61701	1.60798	1.61239	9940
2012.12.27 00:00	1.61242	1.6202	1.60658	1.61117	51261
2012.12.28 00:00	1.61132	1.61694	1.60783	1.61619	36273
2012.12.30 00:00	1.61684	1.61739	1.61585	1.61604	1912
2012.12.31 00:00	1.61605	1.62733	1.61336	1.62449	33108
2013.01.01 00:00	1.62549	1.62603	1.62255	1.62443	2019
2013.01.02 00:00	1.62439	1.63801	1.6225	1.62503	79449
2013.01.03 00:00	1.62503	1.62529	1.60197	1.60755	70389
2013.01.04 00:00	1.60759	1.60884	1.60081	1.60575	66809
2013.01.06 00:00	1.60604	1.60821	1.60604	1.6067	1950
2013.01.07 00:00	1.60668	1.6128	1.60209	1.61212	62889
2013.01.08 00:00	1.612	1.61222	1.60291	1.60593	60964
2013.01.09 00:00	1.6059	1.60746	1.59924	1.60141	70400
2013.01.10 00:00	1.60137	1.61785	1.6004	1.61639	87945
2013.01.11 00:00	1.61635	1.61704	1.60882	1.61262	74886
2013.01.13 00:00	1.61264	1.61385	1.61183	1.61217	2781
2013.01.14 00:00	1.61223	1.61545	1.60313	1.60758	68762
2013.01.15 00:00	1.60755	1.61004	1.6033	1.60739	85974
2013.01.16 00:00	1.60736	1.60802	1.59751	1.59938	83075
2013.01.17 00:00	1.59931	1.60388	1.5955	1.59775	76879
2013.01.18 00:00	1.59773	1.59959	1.58531	1.58579	76277
2013.01.20 00:00	1.58477	1.58559	1.58435	1.58548	3069
2013.01.21 00:00	1.5854	1.58931	1.58057	1.58346	47016
2013.01.22 00:00	1.58346	1.58832	1.58087	1.58351	79022
2013.01.23 00:00	1.58356	1.58919	1.58015	1.58296	62246
2013.01.24 00:00	1.58296	1.58515	1.5756	1.578	72425
2013.01.25 00:00	1.57805	1.58267	1.57456	1.57838	78027
2013.01.27 00:00	1.57515	1.57825	1.57515	1.57735	3592
2013.01.28 00:00	1.5773	1.57794	1.56738	1.56958	58773
2013.01.29 00:00	1.5696	1.57731	1.56921	1.57444	64716
2013.01.30 00:00	1.57445	1.58162	1.57251	1.57965	68409
2013.01.31 00:00	1.57962	1.58742	1.57747	1.58687	69262
2013.02.01 00:00	1.58688	1.5878	1.56871	1.56934	84983
2013.02.03 00:00	1.56958	1.57101	1.56903	1.57006	2151
2013.02.04 00:00	1.57011	1.57717	1.56931	1.57568	63605
2013.02.05 00:00	1.57568	1.58042	1.56304	1.56637	78657
2013.02.06 00:00	1.56638	1.56778	1.5631	1.56625	67128
2013.02.07 00:00	1.56625	1.57673	1.56451	1.57049	79275
2013.02.08 00:00	1.57052	1.58444	1.57052	1.57939	64739
2013.02.10 00:00	1.57922	1.58028	1.57848	1.57984	2664
2013.02.11 00:00	1.57982	1.58094	1.56452	1.56546	57006
2013.02.12 00:00	1.56544	1.56832	1.5572	1.56744	72838
2013.02.13 00:00	1.5674	1.56882	1.5523	1.55314	69865
2013.02.14 00:00	1.5532	1.55422	1.54744	1.54845	68084
2013.02.15 00:00	1.54848	1.55502	1.54612	1.55129	72203
2013.02.17 00:00	1.55032	1.55079	1.54712	1.54765	3589
2013.02.18 00:00	1.5476	1.55077	1.54373	1.54766	47699
2013.02.19 00:00	1.54762	1.55037	1.54137	1.54268	54577
2013.02.20 00:00	1.5426	1.54506	1.51914	1.52259	81685
2013.02.21 00:00	1.52265	1.52731	1.5131	1.52597	91497
2013.02.22 00:00	1.52595	1.53219	1.51571	1.51573	65629
2013.02.24 00:00	1.50773	1.51149	1.50729	1.50945	5868
2013.02.25 00:00	1.50947	1.51991	1.50864	1.51646	98325
2013.02.26 00:00	1.51648	1.52191	1.51124	1.51295	92232
2013.02.27 00:00	1.51297	1.51878	1.50801	1.51652	78023
2013.02.28 00:00	1.51648	1.52212	1.51484	1.51625	66911
2013.03.01 00:00	1.51621	1.51857	1.49854	1.50323	71889
2013.03.03 00:00	1.50384	1.50413	1.5023	1.50314	2695
2013.03.04 00:00	1.50316	1.51402	1.49989	1.51278	57462
2013.03.05 00:00	1.51276	1.51985	1.50939	1.51353	64511
2013.03.06 00:00	1.51351	1.51544	1.4965	1.49939	61000
2013.03.07 00:00	1.49956	1.50815	1.4967	1.50254	75756
2013.03.08 00:00	1.50252	1.50467	1.48838	1.49154	64521
2013.03.10 00:00	1.49218	1.49233	1.49006	1.49067	2427
2013.03.11 00:00	1.49061	1.49429	1.48654	1.49044	48119
2013.03.12 00:00	1.49037	1.49159	1.4831	1.49044	70297
2013.03.13 00:00	1.49042	1.49815	1.48968	1.49241	72826
2013.03.14 00:00	1.49249	1.51188	1.49149	1.50893	83789
2013.03.15 00:00	1.50895	1.51763	1.50683	1.51136	92263
2013.03.17 00:00	1.51164	1.5125	1.51008	1.5102	9930
2013.03.18 00:00	1.51025	1.51435	1.50714	1.50952	107682
2013.03.19 00:00	1.50951	1.51442	1.50729	1.50948	105621
2013.03.20 00:00	1.50952	1.51859	1.50266	1.50935	113858
2013.03.21 00:00	1.50939	1.52091	1.5092	1.51793	97762
2013.03.22 00:00	1.51796	1.52471	1.51749	1.52249	86639
2013.03.24 00:00	1.52314	1.52598	1.52233	1.52409	7753
2013.03.25 00:00	1.52413	1.52583	1.51426	1.51771	98853
2013.03.26 00:00	1.51773	1.52068	1.51347	1.51599	71370
2013.03.27 00:00	1.51603	1.51808	1.50926	1.51262	66499
2013.03.28 00:00	1.51265	1.52003	1.51113	1.51988	71729
2013.03.29 00:00	1.51969	1.52191	1.51767	1.51874	48359
2013.03.31 00:00	1.51964	1.52022	1.51875	1.51949	1847
2013.04.01 00:00	1.51955	1.52414	1.51775	1.52216	30344
2013.04.02 00:00	1.52214	1.52581	1.50986	1.51076	58795
2013.04.03 00:00	1.51075	1.51577	1.50752	1.51372	62652
2013.04.04 00:00	1.51371	1.52451	1.50332	1.5223	87150
2013.04.05 00:00	1.52235	1.53632	1.51987	1.53348	71400
2013.04.07 00:00	1.53283	1.53484	1.5322	1.53481	4949
2013.04.08 00:00	1.53482	1.53501	1.52383	1.52632	58233
2013.04.09 00:00	1.52628	1.53414	1.52497	1.53206	65710
2013.04.10 00:00	1.53209	1.5343	1.52924	1.53232	57587
2013.04.11 00:00	1.53234	1.54112	1.53182	1.53934	85022
2013.04.12 00:00	1.53924	1.54092	1.53376	1.53376	75179
2013.04.14 00:00	1.53377	1.53534	1.5334	1.53526	3696
2013.04.15 00:00	1.53522	1.53846	1.52694	1.52957	97657
2013.04.16 00:00	1.52956	1.53787	1.52726	1.53574	91411
2013.04.17 00:00	1.53576	1.53686	1.52162	1.52446	93848
2013.04.18 00:00	1.52448	1.53126	1.52177	1.52825	76969
2013.04.19 00:00	1.52821	1.53675	1.52235	1.52251	60999
2013.04.21 00:00	1.52313	1.52319	1.52191	1.52239	33008
2013.04.22 00:00	1.52247	1.52975	1.52033	1.52967	68098
2013.04.23 00:00	1.52956	1.5297	1.51963	1.52267	82239
2013.04.24 00:00	1.52268	1.52871	1.52264	1.52768	71989
2013.04.25 00:00	1.52766	1.54797	1.52725	1.54332	82072
2013.04.26 00:00	1.54319	1.54986	1.54182	1.54678	68337
2013.04.28 00:00	1.54825	1.54914	1.54763	1.54887	3193
2013.04.29 00:00	1.54879	1.5546	1.54777	1.54891	73634
2013.04.30 00:00	1.54889	1.55688	1.54682	1.55354	79904
2013.05.01 00:00	1.55347	1.56058	1.55264	1.55695	65240
2013.05.02 00:00	1.55697	1.55905	1.54962	1.55336	86046
2013.05.03 00:00	1.55333	1.56014	1.5458	1.55683	77972
2013.05.05 00:00	1.55645	1.55775	1.55579	1.55736	4701
2013.05.06 00:00	1.55737	1.55977	1.55175	1.55375	43428
2013.05.07 00:00	1.55369	1.55514	1.54461	1.54756	61774
2013.05.08 00:00	1.54761	1.55911	1.54705	1.55399	70223
2013.05.09 00:00	1.55399	1.55873	1.54254	1.5443	86422
2013.05.10 00:00	1.54433	1.54571	1.53139	1.53575	93048
2013.05.12 00:00	1.53558	1.53578	1.53352	1.53438	4491
2013.05.13 00:00	1.53444	1.53848	1.52772	1.53056	78890
2013.05.14 00:00	1.53049	1.53306	1.5201	1.52252	91560
2013.05.15 00:00	1.52252	1.52713	1.51729	1.5238	109640
2013.05.16 00:00	1.52377	1.53221	1.51969	1.52759	116408
2013.05.17 00:00	1.52769	1.52803	1.51575	1.51635	97336
2013.05.19 00:00	1.51896	1.51982	1.51651	1.51747	5291
2013.05.20 00:00	1.51751	1.52807	1.51675	1.52611	91125
2013.05.21 00:00	1.52609	1.5262	1.51122	1.516	102471
2013.05.22 00:00	1.51591	1.51734	1.50193	1.50339	123286
2013.05.23 00:00	1.5035	1.51281	1.50136	1.50917	128383
2013.05.24 00:00	1.50917	1.51423	1.50638	1.51206	90978
2013.05.26 00:00	1.51306	1.5133	1.51259	1.51293	1856
2013.05.27 00:00	1.51293	1.51562	1.50866	1.51081	46688
2013.05.28 00:00	1.51074	1.51347	1.50186	1.50241	101598
2013.05.29 00:00	1.50244	1.51455	1.50079	1.51298	117187
2013.05.30 00:00	1.51295	1.52391	1.51098	1.52268	113728
2013.05.31 00:00	1.52283	1.52393	1.51397	1.51973	105288
2013.06.02 00:00	1.51988	1.52091	1.5191	1.52057	1740
2013.06.03 00:00	1.52065	1.53753	1.51951	1.53209	78810
2013.06.04 00:00	1.53202	1.53425	1.5272	1.53018	79620
2013.06.05 00:00	1.53016	1.54131	1.52914	1.53981	114217
2013.06.06 00:00	1.5397	1.56829	1.5381	1.55994	129289
2013.06.07 00:00	1.55993	1.56173	1.5488	1.55439	130958
2013.06.09 00:00	1.55377	1.55423	1.55229	1.5525	4917
2013.06.10 00:00	1.55252	1.5586	1.54946	1.55664	102677
2013.06.11 00:00	1.55648	1.56526	1.55206	1.56426	136606
2013.06.12 00:00	1.56424	1.57013	1.56329	1.56826	96685
2013.06.13 00:00	1.56837	1.57375	1.5644	1.57044	114838
2013.06.14 00:00	1.57046	1.57175	1.56156	1.56966	100205
2013.06.16 00:00	1.57144	1.57317	1.57123	1.57306	2759
2013.06.17 00:00	1.57305	1.57511	1.56802	1.57159	70419
2013.06.18 00:00	1.57175	1.57198	1.55649	1.56306	90407
2013.06.19 00:00	1.56305	1.56767	1.54486	1.54725	100840
2013.06.20 00:00	1.54731	1.55221	1.54139	1.5511	139526
2013.06.21 00:00	1.55116	1.55302	1.53678	1.54147	113101
2013.06.23 00:00	1.53941	1.53987	1.5383	1.53867	4824
2013.06.24 00:00	1.53872	1.54648	1.53432	1.54528	115112
2013.06.25 00:00	1.54528	1.54773	1.5397	1.54084	104910
2013.06.26 00:00	1.54086	1.54404	1.52973	1.53172	101091
2013.06.27 00:00	1.53174	1.53457	1.52013	1.52556	93024
2013.06.28 00:00	1.52556	1.52787	1.51653	1.52058	96692
2013.06.30 00:00	1.52065	1.52134	1.5199	1.52079	1590
2013.07.01 00:00	1.52082	1.52482	1.51766	1.52162	66857
2013.07.02 00:00	1.52155	1.52376	1.51362	1.5149	69150
2013.07.03 00:00	1.51497	1.53029	1.51292	1.528	72893
2013.07.04 00:00	1.52791	1.52824	1.50238	1.50393	79812
2013.07.05 00:00	1.50395	1.50553	1.48559	1.48814	96738
2013.07.07 00:00	1.48751	1.4882	1.48586	1.48588	2700
2013.07.08 00:00	1.48588	1.49656	1.48581	1.49331	72892
2013.07.09 00:00	1.4933	1.49806	1.48126	1.48461	98283
2013.07.10 00:00	1.48471	1.51936	1.48446	1.51266	120285
2013.07.11 00:00	1.51266	1.52198	1.50611	1.51711	133212
2013.07.12 00:00	1.51726	1.51883	1.50759	1.51068	75678
2013.07.14 00:00	1.51102	1.5112	1.50964	1.5109	3069
2013.07.15 00:00	1.51092	1.51262	1.50273	1.50941	75673
2013.07.16 00:00	1.5094	1.51686	1.50447	1.51279	100336
2013.07.17 00:00	1.51274	1.52674	1.50785	1.52082	111690
2013.07.18 00:00	1.52083	1.52417	1.51573	1.52204	92743
2013.07.19 00:00	1.522	1.52818	1.51961	1.52657	72255
2013.07.21 00:00	1.52608	1.52853	1.52569	1.52847	2949
2013.07.22 00:00	1.52847	1.53839	1.52639	1.53638	74735
2013.07.23 00:00	1.53638	1.53916	1.53261	1.53711	71009
2013.07.24 00:00	1.5371	1.53892	1.5289	1.53066	86010
2013.07.25 00:00	1.53068	1.54342	1.52628	1.53797	103933
2013.07.26 00:00	1.53788	1.54162	1.53556	1.53794	76350
2013.07.28 00:00	1.53805	1.53986	1.53805	1.53902	2625
2013.07.29 00:00	1.53891	1.54129	1.53284	1.53397	65044
2013.07.30 00:00	1.53391	1.53536	1.52233	1.52416	81838
2013.07.31 00:00	1.52409	1.52534	1.51257	1.51727	114763
2013.08.01 00:00	1.51743	1.52428	1.51095	1.51172	109761
2013.08.02 00:00	1.51174	1.53081	1.51017	1.52837	94893
2013.08.04 00:00	1.52837	1.52912	1.52791	1.5286	3592
2013.08.05 00:00	1.52868	1.53779	1.52579	1.53551	80367
2013.08.06 00:00	1.5351	1.53922	1.53315	1.53424	78182
2013.08.07 00:00	1.53414	1.553	1.52047	1.54968	120236
2013.08.08 00:00	1.54939	1.55738	1.54845	1.55339	79685
2013.08.09 00:00	1.55335	1.55582	1.54966	1.55053	65384
2013.08.11 00:00	1.55019	1.55211	1.55011	1.55137	2405
2013.08.12 00:00	1.55126	1.55188	1.54523	1.54551	60525
2013.08.13 00:00	1.5455	1.5512	1.54267	1.54477	83178
2013.08.14 00:00	1.54478	1.55461	1.5422	1.5516	79056
2013.08.15 00:00	1.55164	1.56514	1.55083	1.56387	109973
2013.08.16 00:00	1.56378	1.56572	1.56073	1.56218	76660
2013.08.18 00:00	1.56304	1.56309	1.56183	1.56243	3231
2013.08.19 00:00	1.56243	1.5673	1.56089	1.56458	76981
2013.08.20 00:00	1.56459	1.56954	1.56283	1.56629	85904
2013.08.21 00:00	1.56627	1.57173	1.56147	1.56156	97365
2013.08.22 00:00	1.56153	1.56253	1.55625	1.55946	87855
2013.08.23 00:00	1.5594	1.56375	1.55386	1.55628	86556
2013.08.25 00:00	1.55755	1.55805	1.55695	1.55791	1483
2013.08.26 00:00	1.5579	1.56118	1.55561	1.55819	44755
2013.08.27 00:00	1.55816	1.55918	1.54811	1.55441	85026
2013.08.28 00:00	1.5543	1.55522	1.54273	1.55258	90677
2013.08.29 00:00	1.55262	1.5548	1.54822	1.55046	83144
2013.08.30 00:00	1.55054	1.55277	1.54622	1.54982	61651
2013.09.01 00:00	1.55181	1.55217	1.55052	1.55165	3500
2013.09.02 00:00	1.55168	1.55932	1.55055	1.55455	75717
2013.09.03 00:00	1.55461	1.56004	1.55218	1.55611	71540
2013.09.04 00:00	1.55633	1.56471	1.55554	1.56197	77384
2013.09.05 00:00	1.56203	1.56667	1.5572	1.5589	89389
2013.09.06 00:00	1.55889	1.56807	1.55644	1.56292	76213
2013.09.08 00:00	1.56298	1.56374	1.5626	1.56318	2579
2013.09.09 00:00	1.56324	1.57321	1.56275	1.56968	60800
2013.09.10 00:00	1.56962	1.57445	1.56856	1.57302	55848
2013.09.11 00:00	1.57301	1.58286	1.57184	1.58232	79558
2013.09.12 00:00	1.58232	1.58399	1.57744	1.58025	79648
2013.09.13 00:00	1.58027	1.58844	1.57759	1.58754	70984
2013.09.15 00:00	1.59328	1.59501	1.59297	1.59358	5137
2013.09.16 00:00	1.59356	1.59628	1.58935	1.59014	61483
2013.09.17 00:00	1.59012	1.59358	1.58855	1.59025	70885
2013.09.18 00:00	1.59024	1.61632	1.58918	1.61314	87998
2013.09.19 00:00	1.61313	1.61467	1.60224	1.60349	94140
2013.09.20 00:00	1.60351	1.60665	1.59856	1.60048	70351
2013.09.22 00:00	1.59988	1.60166	1.59974	1.60155	1634
2013.09.23 00:00	1.60157	1.60723	1.6012	1.60395	67105
2013.09.24 00:00	1.60393	1.60408	1.5955	1.59938	66616
2013.09.25 00:00	1.59938	1.60876	1.59791	1.60739	72072
2013.09.26 00:00	1.60739	1.60955	1.59995	1.60372	63767
2013.09.27 00:00	1.60371	1.61467	1.60294	1.61373	71081
2013.09.29 00:00	1.61406	1.61704	1.61406	1.61661	4941
2013.09.30 00:00	1.61663	1.62022	1.61278	1.61865	76683
2013.10.01 00:00	1.6187	1.626	1.61825	1.61911	86515
2013.10.02 00:00	1.6191	1.62506	1.61624	1.62357	83794
2013.10.03 00:00	1.62353	1.62405	1.61529	1.61565	73343
2013.10.04 00:00	1.61566	1.61773	1.60047	1.60077	69385
2013.10.06 00:00	1.60262	1.60429	1.60262	1.60395	3373
2013.10.07 00:00	1.60392	1.60996	1.60258	1.60972	60680
2013.10.08 00:00	1.6097	1.61238	1.60195	1.6119	66694
2013.10.09 00:00	1.61195	1.61195	1.59151	1.59545	73268
2013.10.10 00:00	1.59545	1.59786	1.59137	1.59745	62985
2013.10.11 00:00	1.59742	1.60012	1.59232	1.59493	52522
2013.10.13 00:00	1.59676	1.5968	1.59631	1.59658	2061
2013.10.14 00:00	1.59656	1.6018	1.59539	1.59708	39247
2013.10.15 00:00	1.59713	1.60071	1.59146	1.59825	63960
2013.10.16 00:00	1.59831	1.60545	1.58939	1.59452	80837
2013.10.17 00:00	1.59435	1.61717	1.59392	1.61488	93644
2013.10.18 00:00	1.61491	1.62249	1.61417	1.61628	52793
2013.10.20 00:00	1.61724	1.61735	1.61683	1.61699	1665
2013.10.21 00:00	1.61697	1.61803	1.61226	1.61309	41841
2013.10.22 00:00	1.61311	1.62474	1.61155	1.62304	57492
2013.10.23 00:00	1.62298	1.62563	1.61191	1.6163	64400
2013.10.24 00:00	1.61629	1.62226	1.61374	1.61974	68844
2013.10.25 00:00	1.61975	1.62463	1.61497	1.61607	70856
2013.10.27 00:00	1.61727	1.61824	1.6167	1.61714	4429
2013.10.28 00:00	1.61712	1.62079	1.61243	1.61391	46850
2013.10.29 00:00	1.61389	1.61438	1.60225	1.60468	73934
2013.10.30 00:00	1.60482	1.60777	1.59982	1.60235	73187
2013.10.31 00:00	1.60231	1.60688	1.60057	1.60421	85077
2013.11.01 00:00	1.60421	1.60425	1.59086	1.5921	70271
2013.11.03 00:00	1.59232	1.59323	1.59205	1.59216	4244
2013.11.04 00:00	1.59218	1.59783	1.5903	1.59706	49384
2013.11.05 00:00	1.59707	1.60624	1.59475	1.60442	71326
2013.11.06 00:00	1.60441	1.61175	1.60434	1.60831	61400
2013.11.07 00:00	1.6083	1.61138	1.60093	1.60869	91751
2013.11.08 00:00	1.60869	1.61051	1.59566	1.6016	81539
2013.11.10 00:00	1.5999	1.60095	1.59987	1.60019	6034
2013.11.11 00:00	1.60015	1.60215	1.59655	1.59851	55918
2013.11.12 00:00	1.59852	1.59915	1.5854	1.5889	75560
2013.11.13 00:00	1.58889	1.60656	1.58778	1.60438	76389
2013.11.14 00:00	1.60417	1.6101	1.59883	1.60532	71917
2013.11.15 00:00	1.60529	1.61347	1.60479	1.61148	55090
2013.11.17 00:00	1.61198	1.61232	1.61111	1.61121	2616
2013.11.18 00:00	1.61119	1.61484	1.60811	1.61121	56664
2013.11.19 00:00	1.61118	1.61432	1.6059	1.61353	72415
2013.11.20 00:00	1.61347	1.61776	1.60866	1.60972	89371
2013.11.21 00:00	1.6099	1.62013	1.60721	1.61793	86303
2013.11.22 00:00	1.6182	1.62239	1.61792	1.62218	58277
2013.11.24 00:00	1.62234	1.62398	1.62223	1.62315	4872
2013.11.25 00:00	1.62317	1.62355	1.61329	1.61701	65972
2013.11.26 00:00	1.61697	1.62187	1.61384	1.6209	61134
2013.11.27 00:00	1.6209	1.63303	1.61971	1.62831	78062
2013.11.28 00:00	1.62833	1.63572	1.62766	1.63391	61321
2013.11.29 00:00	1.63391	1.63837	1.63138	1.6365	71613
2013.12.01 00:00	1.63689	1.63776	1.63654	1.6377	3992
2013.12.02 00:00	1.63767	1.64418	1.63423	1.63572	77053
2013.12.03 00:00	1.63572	1.64366	1.63464	1.63883	67505
2013.12.04 00:00	1.63881	1.64037	1.63268	1.63769	89045
2013.12.05 00:00	1.63778	1.64036	1.63002	1.63301	94660
2013.12.06 00:00	1.63306	1.63926	1.6291	1.63458	74764
2013.12.08 00:00	1.63445	1.63544	1.63258	1.63268	6196
2013.12.09 00:00	1.63268	1.64323	1.63223	1.64223	52499
2013.12.10 00:00	1.64222	1.64653	1.64184	1.64564	55824
2013.12.11 00:00	1.64566	1.64569	1.63389	1.63749	61294
2013.12.12 00:00	1.63753	1.64178	1.63205	1.63377	64141
2013.12.13 00:00	1.63377	1.63598	1.62625	1.62916	58996
2013.12.15 00:00	1.62905	1.63081	1.62888	1.62986	3394
2013.12.16 00:00	1.63006	1.63487	1.62886	1.62981	51853
2013.12.17 00:00	1.62989	1.63356	1.62102	1.62743	52986
2013.12.18 00:00	1.62739	1.64845	1.62714	1.6383	88850
2013.12.19 00:00	1.63828	1.63954	1.63351	1.63645	57896
2013.12.20 00:00	1.63644	1.63948	1.63153	1.63283	62061
2013.12.22 00:00	1.63353	1.63374	1.63238	1.63283	2068
2013.12.23 00:00	1.63284	1.63746	1.63282	1.63487	48099
2013.12.24 00:00	1.63485	1.63811	1.63219	1.63692	30606
2013.12.26 00:00	1.63832	1.64375	1.63692	1.64129	23502
2013.12.27 00:00	1.64128	1.65774	1.64059	1.64835	59366
2013.12.29 00:00	1.6477	1.64988	1.64761	1.6479	6954
2013.12.30 00:00	1.64789	1.65323	1.64595	1.64923	48425
2013.12.31 00:00	1.64927	1.65776	1.64742	1.6566	35678
2014.01.01 00:00	1.65439	1.65919	1.65368	1.65754	1993
2014.01.02 00:00	1.65757	1.6603	1.64105	1.64485	87216
2014.01.03 00:00	1.64487	1.64737	1.6395	1.6416	62545
2014.01.05 00:00	1.64008	1.64162	1.63986	1.64107	5664
2014.01.06 00:00	1.64098	1.64335	1.63371	1.64128	66807
2014.01.07 00:00	1.64128	1.6438	1.63738	1.63993	56069
2014.01.08 00:00	1.63993	1.64718	1.63762	1.64444	67495
2014.01.09 00:00	1.64442	1.64972	1.64407	1.64766	61993
2014.01.10 00:00	1.6477	1.65164	1.63808	1.64798	57605
2014.01.12 00:00	1.64806	1.64937	1.64748	1.64937	5498
2014.01.13 00:00	1.64933	1.65076	1.63466	1.63882	60916
2014.01.14 00:00	1.63882	1.6464	1.63671	1.64328	56879
2014.01.15 00:00	1.64327	1.64376	1.6322	1.6361	64742
2014.01.16 00:00	1.63625	1.63825	1.63142	1.63463	63869
2014.01.17 00:00	1.63463	1.64583	1.63097	1.64224	57811
2014.01.19 00:00	1.64181	1.64209	1.64104	1.64174	4896
2014.01.20 00:00	1.64174	1.64519	1.63952	1.64261	39216
2014.01.21 00:00	1.64258	1.64852	1.63992	1.64737	54138
2014.01.22 00:00	1.64732	1.65865	1.64501	1.65614	63081
2014.01.23 00:00	1.65614	1.6643	1.65565	1.66314	74049
2014.01.24 00:00	1.66319	1.66679	1.64765	1.64813	78201
2014.01.26 00:00	1.65032	1.65049	1.64738	1.64914	7212
2014.01.27 00:00	1.64922	1.65884	1.64791	1.65731	65862
2014.01.28 00:00	1.65732	1.66251	1.65362	1.65669	60188
2014.01.29 00:00	1.65668	1.66065	1.65254	1.65573	74485
2014.01.30 00:00	1.65571	1.6564	1.64446	1.64961	69403
2014.01.31 00:00	1.64957	1.64977	1.64271	1.64362	64265
2014.02.02 00:00	1.64194	1.64405	1.64194	1.64368	3452
2014.02.03 00:00	1.64371	1.64377	1.62902	1.63083	73958
2014.02.04 00:00	1.63082	1.63442	1.62567	1.63291	70756
2014.02.05 00:00	1.63289	1.63408	1.62518	1.63233	68857
2014.02.06 00:00	1.63235	1.6348	1.62724	1.632	64889
2014.02.07 00:00	1.63195	1.64178	1.63007	1.64068	64296
2014.02.09 00:00	1.63968	1.64142	1.63968	1.6408	7510
2014.02.10 00:00	1.64077	1.64271	1.63828	1.64048	110495
2014.02.11 00:00	1.64045	1.64873	1.6392	1.64467	140683
2014.02.12 00:00	1.64459	1.66186	1.64255	1.66085	83857
2014.02.13 00:00	1.66083	1.66736	1.66	1.66552	78779
2014.02.14 00:00	1.66563	1.67555	1.66441	1.67429	68157
2014.02.16 00:00	1.67656	1.67673	1.67456	1.67628	3410
2014.02.17 00:00	1.6763	1.68226	1.66951	1.6718	52864
2014.02.18 00:00	1.6717	1.67412	1.66546	1.66823	72254
2014.02.19 00:00	1.66802	1.67339	1.66368	1.66763	67700
2014.02.20 00:00	1.66759	1.67002	1.66252	1.66609	73386
2014.02.21 00:00	1.66611	1.67249	1.66103	1.66131	73312
2014.02.23 00:00	1.66285	1.66342	1.66261	1.66312	1930
2014.02.24 00:00	1.66309	1.66789	1.65834	1.66547	62161
2014.02.25 00:00	1.66548	1.67271	1.66418	1.66747	69159
2014.02.26 00:00	1.66747	1.67017	1.66216	1.66657	68246
2014.02.27 00:00	1.66657	1.66986	1.66161	1.66903	74192
2014.02.28 00:00	1.66904	1.67691	1.66762	1.67414	81327
2014.03.02 00:00	1.67163	1.67453	1.67148	1.6734	8614
2014.03.03 00:00	1.6734	1.6751	1.66529	1.66645	68385
2014.03.04 00:00	1.66645	1.67165	1.66402	1.66644	63687
2014.03.05 00:00	1.66654	1.67415	1.66565	1.6713	63417
2014.03.06 00:00	1.67128	1.67776	1.66853	1.67406	74009
2014.03.07 00:00	1.67406	1.67856	1.67061	1.67083	62758
2014.03.09 00:00	1.67202	1.67323	1.67199	1.67295	2864
2014.03.10 00:00	1.67296	1.67411	1.66217	1.66371	52641
2014.03.11 00:00	1.66379	1.6653	1.65961	1.66195	51670
2014.03.12 00:00	1.66195	1.66354	1.65682	1.66172	61477
2014.03.13 00:00	1.66169	1.67181	1.66065	1.66211	75664
2014.03.14 00:00	1.66214	1.66494	1.65872	1.66469	69120
2014.03.16 00:00	1.66404	1.66476	1.66322	1.66407	5666
2014.03.17 00:00	1.66407	1.6666	1.66046	1.66385	48278
2014.03.18 00:00	1.6636	1.66475	1.65456	1.65954	65888
2014.03.19 00:00	1.65955	1.66543	1.65077	1.65323	82447
2014.03.20 00:00	1.65332	1.65683	1.64798	1.65064	71490
2014.03.21 00:00	1.65069	1.65204	1.64753	1.64871	54340
2014.03.23 00:00	1.64711	1.64971	1.6466	1.64926	6562
2014.03.24 00:00	1.64923	1.65363	1.64656	1.64966	58730
2014.03.25 00:00	1.64954	1.65493	1.64806	1.65322	73208
2014.03.26 00:00	1.65321	1.65966	1.65091	1.65774	69121
2014.03.27 00:00	1.65782	1.6647	1.6555	1.6607	72396
2014.03.28 00:00	1.66079	1.66514	1.65989	1.66324	61458
2014.03.30 00:00	1.66458	1.66489	1.66393	1.66464	7064
2014.03.31 00:00	1.66452	1.6684	1.66114	1.66644	72285
2014.04.01 00:00	1.66644	1.66746	1.66183	1.66296	57060
2014.04.02 00:00	1.66296	1.66639	1.66182	1.66261	54143
2014.04.03 00:00	1.66261	1.6661	1.65701	1.65971	65818
2014.04.04 00:00	1.6597	1.66057	1.65519	1.65661	57867
2014.04.06 00:00	1.65718	1.65827	1.6569	1.65789	5668
2014.04.07 00:00	1.6578	1.6624	1.65652	1.66081	47000
2014.04.08 00:00	1.66079	1.67544	1.66066	1.67473	59803
2014.04.09 00:00	1.67479	1.68012	1.67241	1.67994	58562
2014.04.10 00:00	1.67989	1.68202	1.6754	1.67767	59868
2014.04.11 00:00	1.67769	1.6787	1.6717	1.67263	57570
2014.04.13 00:00	1.67198	1.67381	1.67198	1.67281	7766
2014.04.14 00:00	1.67289	1.67439	1.66967	1.67264	54700
2014.04.15 00:00	1.67263	1.67492	1.66542	1.67238	64680
2014.04.16 00:00	1.67238	1.68178	1.67199	1.68026	69685
2014.04.17 00:00	1.68012	1.6842	1.67753	1.67816	66636
2014.04.18 00:00	1.67824	1.68012	1.67739	1.67809	20789
2014.04.20 00:00	1.67937	1.68024	1.67829	1.6784	7618
2014.04.21 00:00	1.67852	1.68187	1.67837	1.679	31280
2014.04.22 00:00	1.67893	1.68397	1.67858	1.68217	60557
2014.04.23 00:00	1.68213	1.68356	1.67625	1.67828	70423
2014.04.24 00:00	1.67825	1.68121	1.67653	1.68078	71358
2014.04.25 00:00	1.68076	1.68295	1.67899	1.67933	54052
2014.04.27 00:00	1.68029	1.68062	1.67949	1.68041	3476
2014.04.28 00:00	1.68058	1.68578	1.67771	1.68088	62247
2014.04.29 00:00	1.68088	1.68469	1.67925	1.6824	59124
2014.04.30 00:00	1.68241	1.69008	1.68063	1.68745	70245
2014.05.01 00:00	1.68748	1.69189	1.68717	1.68939	43724
2014.05.02 00:00	1.68938	1.68949	1.68197	1.6864	64409
2014.05.05 00:00	1.68753	1.68826	1.68537	1.6867	38172
2014.05.06 00:00	1.68648	1.69962	1.68648	1.69726	68834
2014.05.07 00:00	1.69707	1.69861	1.695	1.695	61165
2014.05.08 00:00	1.69531	1.69741	1.69238	1.69304	82077
2014.05.09 00:00	1.69296	1.69384	1.68321	1.68436	60889
2014.05.12 00:00	1.68414	1.69031	1.68388	1.68655	50938
2014.05.13 00:00	1.68661	1.6883	1.6819	1.6823	66678
2014.05.14 00:00	1.68216	1.68742	1.67534	1.67664	71473
2014.05.15 00:00	1.67643	1.68059	1.67311	1.67849	77107
2014.05.16 00:00	1.67874	1.68408	1.67832	1.68208	53843
2014.05.18 00:00	1.68112	1.68112	1.68112	1.68112	1
2014.05.19 00:00	1.68105	1.68449	1.68051	1.6813	66316
2014.05.20 00:00	1.68115	1.68646	1.6802	1.68378	61570
2014.05.21 00:00	1.68374	1.6921	1.68311	1.6899	75147
2014.05.22 00:00	1.68966	1.69174	1.68515	1.68701	68177
2014.05.23 00:00	1.68656	1.68752	1.68129	1.68311	60049
2014.05.25 00:00	1.68242	1.68242	1.68242	1.68242	1
2014.05.26 00:00	1.68262	1.68528	1.68219	1.68386	34006
2014.05.27 00:00	1.68383	1.68819	1.67829	1.68091	63160
2014.05.28 00:00	1.68085	1.68156	1.66976	1.67096	75396
2014.05.29 00:00	1.67085	1.67406	1.66928	1.67153	62825
2014.05.30 00:00	1.67153	1.67774	1.6713	1.67643	55132
2014.06.01 00:00	1.6748	1.6748	1.6748	1.6748	1
2014.06.02 00:00	1.67621	1.67675	1.6724	1.67429	58909
2014.06.03 00:00	1.67449	1.67821	1.67307	1.6748	62178
2014.06.04 00:00	1.67498	1.67684	1.6699	1.6737	65028
2014.06.05 00:00	1.6735	1.68248	1.67224	1.68198	93083
2014.06.06 00:00	1.68157	1.68451	1.67808	1.68107	69726
2014.06.08 00:00	1.67917	1.67917	1.67917	1.67917	1
2014.06.09 00:00	1.67998	1.68321	1.6784	1.67997	51815
2014.06.10 00:00	1.67974	1.68173	1.67429	1.6754	71057
2014.06.11 00:00	1.67547	1.6811	1.67381	1.67869	67809
2014.06.12 00:00	1.67852	1.6931	1.67837	1.69279	81450
2014.06.13 00:00	1.6922	1.6992	1.69213	1.69695	84042
2014.06.15 00:00	1.69572	1.69572	1.69572	1.69572	1
2014.06.16 00:00	1.69688	1.70109	1.69594	1.69803	57700
2014.06.17 00:00	1.69796	1.69894	1.69378	1.69613	67052
2014.06.18 00:00	1.69508	1.70025	1.69171	1.69931	83078
2014.06.19 00:00	1.69839	1.70631	1.69835	1.70364	76093
2014.06.20 00:00	1.70394	1.70604	1.70031	1.70124	58135
2014.06.22 00:00	1.70077	1.70077	1.70077	1.70077	1
2014.06.23 00:00	1.70129	1.70495	1.70018	1.70266	56890
2014.06.24 00:00	1.7026	1.7032	1.69659	1.69832	70094
2014.06.25 00:00	1.69845	1.70045	1.69522	1.69825	65369
2014.06.26 00:00	1.69817	1.70399	1.69712	1.7026	70059
2014.06.27 00:00	1.7023	1.70513	1.70068	1.70216	47866
2014.06.29 00:00	1.7026	1.7026	1.7026	1.7026	1
2014.06.30 00:00	1.70268	1.71151	1.70086	1.71048	67169
2014.07.01 00:00	1.71048	1.7166	1.70959	1.71479	61581
2014.07.02 00:00	1.71489	1.71768	1.71402	1.71646	54596
2014.07.03 00:00	1.71641	1.71673	1.7105	1.7155	59991
2014.07.04 00:00	1.71533	1.71794	1.71313	1.71575	38418
2014.07.07 00:00	1.7164	1.71647	1.71082	1.7125	42348
2014.07.08 00:00	1.71266	1.71473	1.70853	1.71307	46854
2014.07.09 00:00	1.71289	1.71613	1.70938	1.7155	57942
2014.07.10 00:00	1.71545	1.71677	1.71048	1.71294	55694
2014.07.11 00:00	1.71313	1.71507	1.70992	1.71168	46339
2014.07.13 00:00	1.70981	1.70981	1.70981	1.70981	2
2014.07.14 00:00	1.71147	1.71439	1.707	1.70813	52673
2014.07.15 00:00	1.7082	1.71917	1.70593	1.71409	66464
2014.07.16 00:00	1.7141	1.71509	1.71122	1.71365	62017
2014.07.17 00:00	1.7134	1.71436	1.70854	1.71003	55111
2014.07.18 00:00	1.70965	1.71177	1.70363	1.70932	61750
2014.07.20 00:00	1.70769	1.70769	1.70769	1.70769	2
2014.07.21 00:00	1.70835	1.70992	1.70555	1.70748	50703
2014.07.22 00:00	1.70738	1.70829	1.70416	1.70624	64514
2014.07.23 00:00	1.70619	1.70953	1.7024	1.70433	61819
2014.07.24 00:00	1.70367	1.70534	1.69664	1.69835	64716
2014.07.25 00:00	1.69874	1.69981	1.6961	1.69754	55425
2014.07.27 00:00	1.69647	1.69647	1.69647	1.69647	2
2014.07.28 00:00	1.69755	1.70011	1.69723	1.69809	45452
2014.07.29 00:00	1.69812	1.69949	1.69332	1.69428	60191
2014.07.30 00:00	1.69429	1.6955	1.68895	1.69114	79282
2014.07.31 00:00	1.69107	1.69265	1.68567	1.68844	65684
2014.08.01 00:00	1.68825	1.68928	1.68064	1.68306	82020
2014.08.03 00:00	1.68168	1.68168	1.68168	1.68168	2
2014.08.04 00:00	1.68279	1.68634	1.68135	1.68624	50294
2014.08.05 00:00	1.68605	1.68885	1.68448	1.68853	62478
2014.08.06 00:00	1.68836	1.68841	1.68216	1.68535	68138
2014.08.07 00:00	1.68529	1.68638	1.68231	1.68302	70061
2014.08.08 00:00	1.68314	1.68333	1.67666	1.67753	78870
2014.08.10 00:00	1.67697	1.67697	1.67697	1.67697	2
2014.08.11 00:00	1.67768	1.67959	1.67698	1.67868	50810
2014.08.12 00:00	1.67869	1.68156	1.67568	1.68118	59364
2014.08.13 00:00	1.6811	1.68436	1.66851	1.66851	81854
2014.08.14 00:00	1.66877	1.66969	1.66574	1.66844	67203
2014.08.15 00:00	1.66846	1.67016	1.66766	1.66967	63800
2014.08.17 00:00	1.66915	1.66915	1.66915	1.66915	2
2014.08.18 00:00	1.67145	1.67375	1.67065	1.67274	50340
2014.08.19 00:00	1.67261	1.67279	1.66112	1.66149	65518
2014.08.20 00:00	1.66152	1.66787	1.65898	1.65917	77238
2014.08.21 00:00	1.65926	1.66013	1.65639	1.65791	64131
2014.08.22 00:00	1.65772	1.65973	1.65613	1.65759	65109
2014.08.24 00:00	1.65655	1.65655	1.65655	1.65655	2
2014.08.25 00:00	1.6545	1.65985	1.6535	1.65782	59301
2014.08.26 00:00	1.65772	1.65953	1.654	1.654	70545
2014.08.27 00:00	1.65395	1.66054	1.65366	1.6576	78756
2014.08.28 00:00	1.65724	1.66136	1.6567	1.65855	84199
2014.08.29 00:00	1.65852	1.66132	1.65628	1.65637	75887
2014.08.31 00:00	1.65941	1.65941	1.65941	1.65941	2
2014.09.01 00:00	1.65909	1.66437	1.65859	1.66076	61396
2014.09.02 00:00	1.66043	1.66148	1.64677	1.64688	89867
2014.09.03 00:00	1.64672	1.64974	1.64398	1.64605	89099
2014.09.04 00:00	1.64599	1.64656	1.63274	1.63294	101180
2014.09.05 00:00	1.63066	1.63404	1.62776	1.63234	96479
2014.09.08 00:00	1.61803	1.62328	1.60981	1.61018	114589
2014.09.09 00:00	1.61023	1.61568	1.60592	1.61052	116649
2014.09.10 00:00	1.61044	1.62303	1.60519	1.62097	133102
2014.09.11 00:00	1.6208	1.62703	1.61857	1.62525	106285
2014.09.12 00:00	1.62521	1.62762	1.62043	1.62619	92998
2014.09.15 00:00	1.62746	1.62746	1.6221	1.62323	77893
2014.09.16 00:00	1.62313	1.6311	1.61619	1.62753	109322
2014.09.17 00:00	1.62696	1.63583	1.62488	1.62717	119640
2014.09.18 00:00	1.6271	1.64088	1.6246	1.63872	114151
2014.09.19 00:00	1.63967	1.65244	1.62819	1.62819	163530
2014.09.22 00:00	1.63189	1.63677	1.62876	1.63577	90239
2014.09.23 00:00	1.63579	1.64156	1.63026	1.63856	104855
2014.09.24 00:00	1.63869	1.64132	1.63271	1.6339	89995
2014.09.25 00:00	1.63396	1.63417	1.62758	1.63149	114794
2014.09.26 00:00	1.63135	1.63329	1.62379	1.62404	94517
2014.09.29 00:00	1.62207	1.62744	1.6214	1.624	104703
2014.09.30 00:00	1.624	1.62872	1.61666	1.62092	115987
2014.10.01 00:00	1.62102	1.62517	1.61616	1.61831	117968
2014.10.02 00:00	1.61806	1.62499	1.61124	1.6142	137658
2014.10.03 00:00	1.61427	1.61585	1.59518	1.59607	105724
2014.10.06 00:00	1.5963	1.60991	1.59537	1.60821	85046
2014.10.07 00:00	1.60805	1.61285	1.60259	1.60943	122823
2014.10.08 00:00	1.60926	1.61815	1.60318	1.61679	134516
2014.10.09 00:00	1.61659	1.62267	1.6104	1.61146	127136
2014.10.10 00:00	1.61174	1.61354	1.60083	1.60704	112887
2014.10.13 00:00	1.60606	1.61262	1.60506	1.60841	104041
2014.10.14 00:00	1.60832	1.60967	1.58972	1.5903	121057
2014.10.15 00:00	1.59016	1.60692	1.58738	1.60191	193726
2014.10.16 00:00	1.60124	1.60967	1.59412	1.60873	174622
2014.10.17 00:00	1.60722	1.61261	1.60289	1.60853	111498
2014.10.20 00:00	1.60925	1.6179	1.60795	1.61628	97003
2014.10.21 00:00	1.61638	1.61842	1.61096	1.61118	109541
2014.10.22 00:00	1.61151	1.61305	1.60113	1.60496	104350
2014.10.23 00:00	1.60482	1.606	1.59945	1.60296	103040
2014.10.24 00:00	1.60279	1.60987	1.60169	1.6085	101172
2014.10.27 00:00	1.60821	1.61472	1.6071	1.61179	84376
2014.10.28 00:00	1.61196	1.61823	1.60876	1.613	97639
2014.10.29 00:00	1.61318	1.61615	1.60023	1.60111	98243
2014.10.30 00:00	1.60076	1.60382	1.59475	1.59985	112790
2014.10.31 00:00	1.59989	1.60112	1.59416	1.59895	136268
2014.11.03 00:00	1.59638	1.60211	1.5926	1.59713	233087
2014.11.04 00:00	1.59711	1.60163	1.59652	1.60019	194455
2014.11.05 00:00	1.59978	1.60219	1.58675	1.59728	224672
2014.11.06 00:00	1.59682	1.6002	1.58238	1.58307	275182
2014.11.07 00:00	1.58236	1.58867	1.579	1.58593	263641
2014.11.10 00:00	1.58763	1.59179	1.58404	1.58414	204720
2014.11.11 00:00	1.58415	1.59448	1.5835	1.59169	188527
2014.11.12 00:00	1.59153	1.59404	1.5776	1.57762	271094
2014.11.13 00:00	1.57755	1.57811	1.56934	1.57086	177785
2014.11.14 00:00	1.57054	1.57094	1.55923	1.56609	233820
2014.11.17 00:00	1.56739	1.5736	1.56194	1.5641	191916
2014.11.18 00:00	1.5634	1.56789	1.56297	1.56321	196148
2014.11.19 00:00	1.56277	1.5721	1.55893	1.56794	216235
2014.11.20 00:00	1.5681	1.57379	1.56318	1.5691	241783
2014.11.21 00:00	1.56909	1.57138	1.56259	1.56418	246370
2014.11.24 00:00	1.56402	1.57146	1.56283	1.57041	184484
2014.11.25 00:00	1.57038	1.57356	1.56484	1.57076	222835
2014.11.26 00:00	1.57046	1.58057	1.5679	1.57902	219645
2014.11.27 00:00	1.57924	1.58255	1.5717	1.57325	163052
2014.11.28 00:00	1.57306	1.57369	1.5614	1.5632	204947
2014.12.01 00:00	1.56423	1.57634	1.55844	1.57285	266363
2014.12.02 00:00	1.57291	1.57429	1.56315	1.5637	186711
2014.12.03 00:00	1.56374	1.57193	1.56188	1.56831	219014
2014.12.04 00:00	1.56838	1.57255	1.56408	1.56725	241292
2014.12.05 00:00	1.56712	1.56953	1.55672	1.55714	217986
2014.12.08 00:00	1.55729	1.56789	1.55411	1.56499	175600
2014.12.09 00:00	1.56525	1.5717	1.56259	1.56633	239463
2014.12.10 00:00	1.56643	1.57186	1.56472	1.57131	226716
2014.12.11 00:00	1.5711	1.57569	1.56522	1.57307	257689
2014.12.12 00:00	1.57341	1.57465	1.56946	1.57066	224997
2014.12.15 00:00	1.57169	1.57469	1.56013	1.56373	229810
2014.12.16 00:00	1.56333	1.57856	1.56059	1.5749	304905
2014.12.17 00:00	1.57447	1.57514	1.55378	1.55731	319859
2014.12.18 00:00	1.55716	1.56772	1.55484	1.56643	268625
2014.12.19 00:00	1.56689	1.5682	1.56052	1.56154	235394
2014.12.22 00:00	1.56252	1.56652	1.55729	1.55855	140631
2014.12.23 00:00	1.55868	1.5608	1.54856	1.55182	175707
2014.12.24 00:00	1.55159	1.5564	1.55035	1.55519	112645
2014.12.26 00:00	1.55445	1.55672	1.5538	1.55458	88462
2014.12.29 00:00	1.55637	1.55853	1.55068	1.55123	171662
2014.12.30 00:00	1.55169	1.55735	1.55007	1.556	173597
2014.12.31 00:00	1.55502	1.56198	1.55499	1.55647	153618
2015.01.02 00:00	1.55737	1.55843	1.53179	1.53179	211872
2015.01.05 00:00	1.51881	1.53195	1.51803	1.52477	242061
2015.01.06 00:00	1.52475	1.52737	1.51412	1.51494	264647
2015.01.07 00:00	1.51462	1.51557	1.50544	1.51075	266812
2015.01.08 00:00	1.51098	1.51172	1.50342	1.50877	204838
2015.01.09 00:00	1.50839	1.51752	1.50773	1.51509	242963
2015.01.12 00:00	1.51709	1.51931	1.50986	1.51694	180840
2015.01.13 00:00	1.51719	1.51918	1.50774	1.51549	227426
2015.01.14 00:00	1.51555	1.52691	1.51448	1.52281	244380
2015.01.15 00:00	1.52299	1.52674	1.51462	1.51644	342400
2015.01.16 00:00	1.51654	1.52346	1.50748	1.51308	310994
2015.01.19 00:00	1.51276	1.51788	1.51054	1.51054	157233
2015.01.20 00:00	1.51088	1.51995	1.50573	1.51401	185117
2015.01.21 00:00	1.51392	1.51795	1.50755	1.51405	241676
2015.01.22 00:00	1.51376	1.52121	1.49713	1.50067	269425
2015.01.23 00:00	1.50089	1.50361	1.49509	1.49751	331138
2015.01.26 00:00	1.50066	1.51036	1.4986	1.50677	235825
2015.01.27 00:00	1.50726	1.52235	1.50593	1.51951	263442
2015.01.28 00:00	1.51929	1.52188	1.51309	1.51351	246568
2015.01.29 00:00	1.51428	1.51624	1.50177	1.50662	220301
2015.01.30 00:00	1.50638	1.50958	1.49883	1.50411	227546
2015.02.02 00:00	1.50818	1.50911	1.50054	1.50373	214423
2015.02.03 00:00	1.50265	1.51977	1.49876	1.51655	257665
2015.02.04 00:00	1.51637	1.52505	1.51386	1.51698	222808
2015.02.05 00:00	1.51788	1.53434	1.51641	1.53263	216432
2015.02.06 00:00	1.53264	1.53525	1.52108	1.52344	199135
2015.02.09 00:00	1.52209	1.52671	1.52003	1.52108	184700
2015.02.10 00:00	1.52148	1.52756	1.51962	1.52515	209751
2015.02.11 00:00	1.52512	1.52994	1.52187	1.52267	197298
2015.02.12 00:00	1.52361	1.54146	1.52092	1.53832	252152
2015.02.13 00:00	1.53828	1.54221	1.53708	1.538	198152
2015.02.16 00:00	1.54096	1.54411	1.53392	1.53565	140715
2015.02.17 00:00	1.53586	1.54024	1.53161	1.53511	168380
2015.02.18 00:00	1.53485	1.54794	1.53412	1.54312	217855
2015.02.19 00:00	1.54354	1.54653	1.5404	1.54102	189119
2015.02.20 00:00	1.54121	1.54336	1.53434	1.53837	243124
2015.02.23 00:00	1.53949	1.54749	1.53322	1.54548	157684
2015.02.24 00:00	1.54569	1.54737	1.54014	1.54476	158099
2015.02.25 00:00	1.54479	1.55383	1.54461	1.55276	151971
2015.02.26 00:00	1.55249	1.5552	1.53942	1.54043	171149
2015.02.27 00:00	1.54069	1.54587	1.53841	1.5415	177921
2015.03.02 00:00	1.54211	1.54286	1.53515	1.53647	140119
2015.03.03 00:00	1.53624	1.53973	1.53445	1.53584	137762
2015.03.04 00:00	1.53603	1.53717	1.52515	1.52638	140337
2015.03.05 00:00	1.5261	1.52694	1.5215	1.52366	139572
2015.03.06 00:00	1.52389	1.52552	1.50213	1.50213	145134
2015.03.09 00:00	1.50374	1.51374	1.50348	1.51275	133050
2015.03.10 00:00	1.51241	1.51297	1.50285	1.50671	188147
2015.03.11 00:00	1.50608	1.50965	1.48932	1.49253	230345
2015.03.12 00:00	1.49254	1.50242	1.48496	1.48821	199353
2015.03.13 00:00	1.48809	1.48963	1.4699	1.47339	211680
2015.03.16 00:00	1.47344	1.4853	1.47231	1.48277	182361
2015.03.17 00:00	1.48264	1.48452	1.47237	1.47481	170028
2015.03.18 00:00	1.47439	1.51627	1.46344	1.49773	206735
2015.03.19 00:00	1.49807	1.50095	1.4688	1.4749	259539
2015.03.20 00:00	1.47513	1.49887	1.4722	1.49388	217936
2015.03.23 00:00	1.49684	1.4989	1.48387	1.49514	225087
2015.03.24 00:00	1.4952	1.49837	1.48425	1.48496	176502
2015.03.25 00:00	1.48461	1.49536	1.48308	1.48773	157533
2015.03.26 00:00	1.48773	1.49944	1.48071	1.48447	182614
2015.03.27 00:00	1.48442	1.49207	1.47962	1.48597	184209
2015.03.30 00:00	1.48866	1.49008	1.47526	1.4807	171085
2015.03.31 00:00	1.47982	1.48714	1.4755	1.4816	196722
2015.04.01 00:00	1.48169	1.48712	1.47393	1.48185	221968
2015.04.02 00:00	1.48207	1.48686	1.47758	1.48268	189598
2015.04.03 00:00	1.4829	1.49446	1.48092	1.49099	111193
2015.04.06 00:00	1.4908	1.49812	1.48698	1.48758	88043
2015.04.07 00:00	1.48712	1.49199	1.48028	1.48068	188186
2015.04.08 00:00	1.48062	1.49725	1.48059	1.48651	198920
2015.04.09 00:00	1.48641	1.48863	1.46841	1.47072	187352
2015.04.10 00:00	1.47125	1.47245	1.45867	1.4624	196152
2015.04.13 00:00	1.46203	1.46815	1.45656	1.46743	194545
2015.04.14 00:00	1.46755	1.48014	1.46032	1.47799	227800
2015.04.15 00:00	1.47769	1.48537	1.47003	1.48373	217219
2015.04.16 00:00	1.4837	1.49698	1.48118	1.49263	218337
2015.04.17 00:00	1.49289	1.5053	1.49157	1.49537	213935
2015.04.20 00:00	1.49488	1.49837	1.48874	1.49045	174405
2015.04.21 00:00	1.49052	1.49731	1.48561	1.49247	188002
2015.04.22 00:00	1.49277	1.50796	1.49127	1.50361	205658
2015.04.23 00:00	1.5035	1.507	1.49597	1.50538	199140
2015.04.24 00:00	1.50537	1.51874	1.50272	1.51853	205398
2015.04.27 00:00	1.51732	1.52613	1.51069	1.52362	149358
2015.04.28 00:00	1.52218	1.53427	1.5173	1.53365	178527
2015.04.29 00:00	1.53384	1.54984	1.53277	1.54359	223654
2015.04.30 00:00	1.54333	1.54924	1.53037	1.53499	256053
2015.05.01 00:00	1.53494	1.53972	1.51144	1.51259	160423
2015.05.04 00:00	1.51419	1.51748	1.509	1.51191	151400
2015.05.05 00:00	1.51187	1.5218	1.50886	1.51804	196822
2015.05.06 00:00	1.51774	1.5291	1.51497	1.52418	263269
2015.05.07 00:00	1.52409	1.52752	1.5163	1.5247	256442
2015.05.08 00:00	1.54085	1.55226	1.53542	1.54377	307587
2015.05.11 00:00	1.54401	1.56128	1.5393	1.55837	214984
2015.05.12 00:00	1.55878	1.57105	1.55571	1.56668	220475
2015.05.13 00:00	1.56727	1.57691	1.56332	1.57433	256701
2015.05.14 00:00	1.57435	1.58146	1.57281	1.57738	228057
2015.05.15 00:00	1.57735	1.58089	1.57012	1.57245	241626
2015.05.18 00:00	1.57339	1.57453	1.56376	1.56493	188444
2015.05.19 00:00	1.565	1.56698	1.54457	1.55095	253648
2015.05.20 00:00	1.55048	1.55878	1.54723	1.55315	277739
2015.05.21 00:00	1.55333	1.57	1.5524	1.56593	247579
2015.05.22 00:00	1.56587	1.56895	1.546	1.54719	235769
2015.05.25 00:00	1.54668	1.55074	1.54559	1.54666	117026
2015.05.26 00:00	1.54637	1.5475	1.53537	1.53821	259482
2015.05.27 00:00	1.53806	1.54371	1.5301	1.53488	248676
2015.05.28 00:00	1.53543	1.53851	1.52601	1.53038	225799
2015.05.29 00:00	1.52861	1.53421	1.52362	1.52768	194728
2015.06.01 00:00	1.5291	1.53045	1.517	1.51996	243705
2015.06.02 00:00	1.52	1.53669	1.51791	1.53415	282103
2015.06.03 00:00	1.53419	1.53752	1.52504	1.53383	261524
2015.06.04 00:00	1.53271	1.5441	1.53037	1.53527	246890
2015.06.05 00:00	1.5352	1.53695	1.51901	1.52514	288171
2015.06.08 00:00	1.52671	1.53636	1.52211	1.5343	238581
2015.06.09 00:00	1.53473	1.53889	1.52568	1.53835	280610
2015.06.10 00:00	1.53834	1.55539	1.53686	1.55236	319256
2015.06.11 00:00	1.55202	1.55333	1.54204	1.55144	238571
2015.06.12 00:00	1.55128	1.55978	1.54663	1.555	235625
2015.06.15 00:00	1.55416	1.56137	1.54871	1.55988	192578
2015.06.16 00:00	1.55991	1.5654	1.55407	1.56465	207113
2015.06.17 00:00	1.56457	1.5847	1.56255	1.58244	283997
2015.06.18 00:00	1.58303	1.59296	1.58057	1.5877	252552
2015.06.19 00:00	1.58771	1.58961	1.58349	1.58714	175596
2015.06.22 00:00	1.58691	1.59096	1.5805	1.58166	183781
2015.06.23 00:00	1.58204	1.58312	1.57086	1.5722	211897
2015.06.24 00:00	1.57268	1.58024	1.56668	1.56948	213793
2015.06.25 00:00	1.56989	1.57703	1.56764	1.57355	201590
2015.06.26 00:00	1.57454	1.57664	1.57083	1.57393	178136
2015.06.29 00:00	1.56961	1.57886	1.56564	1.5735	264324
2015.06.30 00:00	1.57307	1.57758	1.56927	1.57062	252204
2015.07.01 00:00	1.57017	1.57264	1.5588	1.56084	208282
2015.07.02 00:00	1.56128	1.56365	1.55642	1.56041	169299
2015.07.03 00:00	1.56073	1.56436	1.55516	1.55556	163101
2015.07.06 00:00	1.55411	1.56282	1.55316	1.55989	202083
2015.07.07 00:00	1.56001	1.561	1.54134	1.54597	247484
2015.07.08 00:00	1.54586	1.54669	1.533	1.53599	224897
2015.07.09 00:00	1.53561	1.54202	1.53432	1.53713	199356
2015.07.10 00:00	1.53777	1.5551	1.53638	1.5474	201565
2015.07.13 00:00	1.55011	1.55887	1.54809	1.54839	207065
2015.07.14 00:00	1.54811	1.56388	1.54505	1.56296	210874
2015.07.15 00:00	1.56338	1.56752	1.55764	1.56378	224097
2015.07.16 00:00	1.56341	1.56503	1.556	1.56068	212179
2015.07.17 00:00	1.56042	1.56733	1.55532	1.55869	160972
2015.07.20 00:00	1.56016	1.56273	1.55384	1.55608	154067
2015.07.21 00:00	1.55621	1.55904	1.55287	1.55537	186998
2015.07.22 00:00	1.5543	1.56469	1.55413	1.56125	186527
2015.07.23 00:00	1.56095	1.56706	1.55005	1.5512	209894
2015.07.24 00:00	1.55122	1.55258	1.54663	1.5505	161475
2015.07.27 00:00	1.55093	1.5595	1.54896	1.55573	194512
2015.07.28 00:00	1.55548	1.56279	1.55278	1.56108	187588
2015.07.29 00:00	1.56033	1.56895	1.55876	1.56059	200685
2015.07.30 00:00	1.56059	1.56404	1.55622	1.55998	220634
2015.07.31 00:00	1.55998	1.56783	1.55491	1.56122	246950
2015.08.03 00:00	1.56296	1.56446	1.55648	1.55838	199327
2015.08.04 00:00	1.55847	1.56336	1.55578	1.55628	229176
2015.08.05 00:00	1.5563	1.56507	1.55259	1.56022	238663
2015.08.06 00:00	1.56022	1.56366	1.54668	1.55113	197480
2015.08.07 00:00	1.55113	1.55449	1.54242	1.54874	231829
2015.08.10 00:00	1.54854	1.56059	1.54579	1.55867	191458
2015.08.11 00:00	1.55905	1.56162	1.55549	1.55703	223298
2015.08.12 00:00	1.55706	1.56598	1.55339	1.56045	261550
2015.08.13 00:00	1.56097	1.56365	1.55731	1.5601	190286
2015.08.14 00:00	1.56088	1.56605	1.55878	1.56316	175666
2015.08.17 00:00	1.56468	1.56886	1.55788	1.558	160397
2015.08.18 00:00	1.55825	1.5717	1.55622	1.56536	182663
2015.08.19 00:00	1.56571	1.57006	1.5635	1.5672	239362
2015.08.20 00:00	1.56751	1.57014	1.56058	1.56827	226443
2015.08.21 00:00	1.56864	1.57231	1.56575	1.56808	245871
2015.08.24 00:00	1.56783	1.58035	1.563	1.5768	362552
2015.08.25 00:00	1.57725	1.58187	1.56814	1.56861	207512
2015.08.26 00:00	1.56869	1.57198	1.54527	1.54578	186913
2015.08.27 00:00	1.54572	1.55089	1.53698	1.54017	148396
2015.08.28 00:00	1.54025	1.54429	1.5335	1.5388	131120
2015.08.31 00:00	1.54132	1.54365	1.5339	1.53429	94248
2015.09.01 00:00	1.53436	1.5408	1.52997	1.53027	122267
2015.09.02 00:00	1.53033	1.53255	1.52641	1.52978	116431
2015.09.03 00:00	1.5298	1.53131	1.52189	1.52564	109058
2015.09.04 00:00	1.52561	1.52729	1.51503	1.51503	103688
2015.09.07 00:00	1.51762	1.52881	1.5171	1.52704	98175
2015.09.08 00:00	1.52687	1.54124	1.52687	1.53963	102374
2015.09.09 00:00	1.53937	1.54042	1.53492	1.5366	100275
2015.09.10 00:00	1.5365	1.54759	1.53385	1.54413	118108
2015.09.11 00:00	1.54403	1.54615	1.53997	1.54301	97096
2015.09.14 00:00	1.5432	1.54708	1.53726	1.54262	77723
2015.09.15 00:00	1.54238	1.54569	1.53294	1.53417	83152
2015.09.16 00:00	1.5341	1.55285	1.53299	1.54921	94994
2015.09.17 00:00	1.54879	1.56278	1.54859	1.55884	110888
2015.09.18 00:00	1.55875	1.56584	1.5514	1.55211	116061
2015.09.21 00:00	1.55265	1.55677	1.54806	1.55054	93445
2015.09.22 00:00	1.55085	1.55287	1.53404	1.53664	100173
2015.09.23 00:00	1.53596	1.53667	1.52206	1.52416	110369
2015.09.24 00:00	1.52446	1.52888	1.52001	1.52421	121463
2015.09.25 00:00	1.52378	1.52603	1.51354	1.51772	115585
2015.09.28 00:00	1.5179	1.52411	1.51572	1.51733	103753
2015.09.29 00:00	1.51703	1.52049	1.51287	1.51483	117037
2015.09.30 00:00	1.51476	1.52133	1.51072	1.51275	113458
2015.10.01 00:00	1.51283	1.51799	1.51067	1.51289	100778
2015.10.02 00:00	1.51277	1.52375	1.5127	1.51821	120960
2015.10.05 00:00	1.51896	1.52444	1.51369	1.51449	114816
2015.10.06 00:00	1.51451	1.52428	1.51397	1.52261	92863
2015.10.07 00:00	1.52276	1.53394	1.52186	1.53163	107716
2015.10.08 00:00	1.5318	1.5372	1.52612	1.53451	111326
2015.10.09 00:00	1.53437	1.53832	1.52998	1.53154	107063
2015.10.12 00:00	1.53068	1.53731	1.53068	1.5348	86293
2015.10.13 00:00	1.53476	1.53876	1.52004	1.52463	97587
2015.10.14 00:00	1.52478	1.5494	1.52477	1.54764	79223
2015.10.15 00:00	1.54725	1.55085	1.54151	1.54699	105260
2015.10.16 00:00	1.54403	1.54861	1.54302	1.54344	96544
2015.10.19 00:00	1.54385	1.54964	1.54274	1.54649	87107
2015.10.20 00:00	1.54629	1.5506	1.54352	1.54425	92535
2015.10.21 00:00	1.54456	1.54772	1.54122	1.54191	89958
2015.10.22 00:00	1.54125	1.5507	1.53691	1.53931	125939
2015.10.23 00:00	1.53939	1.54189	1.53059	1.53114	121746
2015.10.26 00:00	1.53177	1.53817	1.53059	1.53501	101654
2015.10.27 00:00	1.53522	1.53586	1.52825	1.53003	100410
2015.10.28 00:00	1.52996	1.53472	1.52484	1.52616	120386
2015.10.29 00:00	1.52636	1.53214	1.52422	1.53081	112106
2015.10.30 00:00	1.53076	1.54675	1.53061	1.5428	126424
2015.11.02 00:00	1.54456	1.54972	1.54038	1.5415	91253
2015.11.03 00:00	1.5417	1.54451	1.53595	1.54215	91732
2015.11.04 00:00	1.54212	1.5445	1.53607	1.53841	104374
2015.11.05 00:00	1.53837	1.54014	1.52048	1.52071	112318
2015.11.06 00:00	1.52064	1.52192	1.50268	1.50447	110293
2015.11.09 00:00	1.50502	1.5128	1.50307	1.51121	91173
2015.11.10 00:00	1.51132	1.51453	1.50912	1.51181	87608
2015.11.11 00:00	1.512	1.52207	1.51165	1.52111	91535
2015.11.12 00:00	1.52127	1.52463	1.51739	1.52312	114131
2015.11.13 00:00	1.52296	1.52631	1.51875	1.5234	92172
2015.11.16 00:00	1.52195	1.52298	1.51814	1.52023	86487
2015.11.17 00:00	1.52035	1.52386	1.51545	1.5211	96230
2015.11.18 00:00	1.52124	1.52485	1.5188	1.52335	93969
2015.11.19 00:00	1.52364	1.53356	1.52274	1.52892	110695
2015.11.20 00:00	1.52903	1.53097	1.51826	1.51881	100566
2015.11.23 00:00	1.51684	1.51965	1.51089	1.51221	103650
2015.11.24 00:00	1.51215	1.51555	1.50533	1.50803	108730
2015.11.25 00:00	1.50773	1.5136	1.50559	1.51283	112331
2015.11.26 00:00	1.51213	1.51302	1.50659	1.50985	97923
2015.11.27 00:00	1.51004	1.51097	1.50287	1.50295	96500
2015.11.30 00:00	1.5033	1.50683	1.49935	1.50543	90431
2015.12.01 00:00	1.50552	1.51254	1.50504	1.50812	109162
2015.12.02 00:00	1.50819	1.50828	1.48946	1.49508	119049
2015.12.03 00:00	1.49458	1.51589	1.49043	1.51425	159775
2015.12.04 00:00	1.51427	1.51565	1.50778	1.51024	157952
2015.12.07 00:00	1.51025	1.51146	1.50444	1.50544	98375
2015.12.08 00:00	1.50542	1.5061	1.49564	1.5006	113236
2015.12.09 00:00	1.50096	1.51914	1.50043	1.51802	123180
2015.12.10 00:00	1.5176	1.5202	1.51109	1.51593	115383
2015.12.11 00:00	1.51596	1.52396	1.51253	1.52215	112115
2015.12.14 00:00	1.52291	1.52302	1.51074	1.51411	118957
2015.12.15 00:00	1.51408	1.51845	1.50293	1.50395	116080
2015.12.16 00:00	1.50336	1.50987	1.49575	1.50014	132318
2015.12.17 00:00	1.49984	1.50098	1.48648	1.49008	120251
2015.12.18 00:00	1.48986	1.49498	1.48836	1.48836	112383
2015.12.21 00:00	1.48984	1.49292	1.48774	1.4884	100936
2015.12.22 00:00	1.488	1.49077	1.48051	1.48277	94639
2015.12.23 00:00	1.48227	1.49001	1.48188	1.4868	90089
2015.12.24 00:00	1.48372	1.49449	1.48372	1.491	67551
2015.12.28 00:00	1.48927	1.49349	1.48737	1.48764	71603
2015.12.29 00:00	1.48779	1.49131	1.47854	1.48158	84016
2015.12.30 00:00	1.48171	1.48485	1.47925	1.48148	83205
2015.12.31 00:00	1.48123	1.48445	1.47256	1.47411	87360
2016.01.04 00:00	1.47303	1.48161	1.4663	1.47129	119487
2016.01.05 00:00	1.47116	1.47252	1.4638	1.4673	106470
2016.01.06 00:00	1.4666	1.46816	1.46013	1.46291	131771
2016.01.07 00:00	1.46294	1.46403	1.45332	1.46164	141517
2016.01.08 00:00	1.46157	1.4645	1.45061	1.45169	137226
2016.01.11 00:00	1.45233	1.46041	1.44941	1.45427	115110
2016.01.12 00:00	1.45423	1.45601	1.43519	1.44456	129358
2016.01.13 00:00	1.44444	1.44758	1.43795	1.44076	133846
2016.01.14 00:00	1.44093	1.4445	1.43598	1.44119	133184
2016.01.15 00:00	1.44102	1.44273	1.42514	1.42534	135335
2016.01.18 00:00	1.4251	1.43233	1.4237	1.42416	108300
2016.01.19 00:00	1.42436	1.434	1.41291	1.41558	134551
2016.01.20 00:00	1.4158	1.42191	1.41252	1.41899	146705
2016.01.21 00:00	1.4191	1.42487	1.40792	1.42209	156463
2016.01.22 00:00	1.42189	1.43626	1.42046	1.42601	133835
2016.01.25 00:00	1.42685	1.43096	1.42235	1.42477	111819
2016.01.26 00:00	1.4248	1.4367	1.4173	1.43491	127880
2016.01.27 00:00	1.43495	1.4355	1.42297	1.42333	132106
2016.01.28 00:00	1.42343	1.44073	1.42331	1.43587	145521
2016.01.29 00:00	1.43592	1.44132	1.41491	1.424	170864
2016.02.01 00:00	1.42393	1.44447	1.42279	1.44313	135139
2016.02.02 00:00	1.44334	1.44456	1.4326	1.44076	128728
2016.02.03 00:00	1.44069	1.46492	1.43835	1.4599	156230
2016.02.04 00:00	1.45985	1.46682	1.45292	1.45872	165392
2016.02.05 00:00	1.45868	1.45911	1.44517	1.45003	143739
2016.02.08 00:00	1.44811	1.45467	1.43511	1.44316	173786
2016.02.09 00:00	1.44308	1.45156	1.43781	1.44713	210865
2016.02.10 00:00	1.44711	1.45786	1.44379	1.45246	182914
2016.02.11 00:00	1.45231	1.45636	1.43829	1.44743	214654
2016.02.12 00:00	1.44731	1.45701	1.4443	1.45037	182095
2016.02.15 00:00	1.44809	1.45352	1.4413	1.44303	136382
2016.02.16 00:00	1.44324	1.45156	1.42756	1.43022	149027
2016.02.17 00:00	1.43018	1.43389	1.4235	1.42916	162993
2016.02.18 00:00	1.42918	1.43943	1.42564	1.43377	160919
2016.02.19 00:00	1.43358	1.44081	1.42496	1.44021	160987
2016.02.22 00:00	1.42632	1.43063	1.40573	1.41487	179662
2016.02.23 00:00	1.41474	1.41561	1.40075	1.40199	164793
2016.02.24 00:00	1.40178	1.40277	1.38783	1.39227	187494
2016.02.25 00:00	1.39252	1.39963	1.38997	1.39606	154845
2016.02.26 00:00	1.39622	1.40425	1.38538	1.38697	163382
2016.02.29 00:00	1.38577	1.39462	1.38356	1.39141	154601
2016.03.01 00:00	1.39141	1.40184	1.3904	1.39487	164057
2016.03.02 00:00	1.39467	1.40931	1.39143	1.40777	153974
2016.03.03 00:00	1.40777	1.41938	1.40325	1.41741	150369
2016.03.04 00:00	1.4176	1.42483	1.41078	1.42228	150103
2016.03.07 00:00	1.4218	1.42835	1.41338	1.42626	117480
2016.03.08 00:00	1.42616	1.42754	1.41733	1.42151	124024
2016.03.09 00:00	1.42128	1.42408	1.41772	1.42155	131550
2016.03.10 00:00	1.4216	1.43172	1.41177	1.42787	174380
2016.03.11 00:00	1.42806	1.44363	1.42543	1.43814	132747
2016.03.14 00:00	1.43649	1.43892	1.42924	1.43014	111167
2016.03.15 00:00	1.42987	1.43056	1.41387	1.41491	125649
2016.03.16 00:00	1.41476	1.42733	1.40527	1.42606	153210
2016.03.17 00:00	1.42554	1.45031	1.42213	1.44797	145390
2016.03.18 00:00	1.4478	1.45141	1.441	1.44758	113966
2016.03.21 00:00	1.44399	1.4468	1.43654	1.4367	106079
2016.03.22 00:00	1.43688	1.43974	1.41903	1.42071	128081
2016.03.23 00:00	1.42076	1.42272	1.40815	1.41155	118795
2016.03.24 00:00	1.41169	1.41825	1.40571	1.4149	116910
2016.03.25 00:00	1.41584	1.41584	1.41084	1.41185	32145
2016.03.28 00:00	1.41271	1.4283	1.41203	1.42509	56102
2016.03.29 00:00	1.42559	1.44038	1.41945	1.43817	136430
2016.03.30 00:00	1.4385	1.4459	1.43606	1.43771	151223
2016.03.31 00:00	1.43761	1.4426	1.43258	1.43601	138294
2016.04.01 00:00	1.43606	1.43714	1.41705	1.42151	149063
2016.04.04 00:00	1.42197	1.43214	1.41908	1.42624	127716
2016.04.05 00:00	1.42602	1.42786	1.41214	1.41602	131093
2016.04.06 00:00	1.41578	1.41712	1.4005	1.41239	144592
2016.04.07 00:00	1.41202	1.41567	1.40484	1.40556	151710
2016.04.08 00:00	1.4054	1.41412	1.40403	1.41227	127785
2016.04.11 00:00	1.41128	1.42867	1.41048	1.42345	131819
2016.04.12 00:00	1.4234	1.43476	1.41962	1.42746	155193
2016.04.13 00:00	1.42761	1.42788	1.41928	1.42029	156730
2016.04.14 00:00	1.42057	1.42073	1.40902	1.41545	131535
2016.04.15 00:00	1.41533	1.42413	1.41326	1.41981	109456
2016.04.18 00:00	1.41934	1.42903	1.4131	1.42766	113089
2016.04.19 00:00	1.42769	1.44187	1.42704	1.43978	131544
2016.04.20 00:00	1.43904	1.44104	1.43283	1.43285	150590
2016.04.21 00:00	1.43291	1.444	1.4298	1.43209	156099
2016.04.22 00:00	1.43204	1.44514	1.43138	1.44046	147755
2016.04.25 00:00	1.44615	1.45191	1.44026	1.44813	162869
2016.04.26 00:00	1.44812	1.46385	1.44788	1.45802	164923
2016.04.27 00:00	1.45808	1.46215	1.44735	1.45425	174197
2016.04.28 00:00	1.45403	1.46227	1.45227	1.46066	175859
2016.04.29 00:00	1.46018	1.46703	1.45764	1.45982	182052
2016.05.02 00:00	1.45829	1.4696	1.45829	1.46731	130185
2016.05.03 00:00	1.46714	1.47695	1.45289	1.45336	159533
2016.05.04 00:00	1.45376	1.45714	1.44614	1.44927	143861
2016.05.05 00:00	1.44917	1.4529	1.44438	1.44839	122172
2016.05.06 00:00	1.44829	1.45469	1.44147	1.44252	137270
2016.05.09 00:00	1.44143	1.44793	1.43743	1.44066	122268
2016.05.10 00:00	1.4405	1.44779	1.43885	1.4443	120524
2016.05.11 00:00	1.44389	1.44878	1.43944	1.44461	106602
2016.05.12 00:00	1.44453	1.45308	1.44058	1.44499	115817
2016.05.13 00:00	1.4448	1.44542	1.43402	1.43471	125440
2016.05.16 00:00	1.43485	1.44146	1.43322	1.44009	90510
2016.05.17 00:00	1.44006	1.45239	1.43964	1.44611	120095
2016.05.18 00:00	1.44613	1.46342	1.4403	1.45975	141188
2016.05.19 00:00	1.45971	1.46633	1.45615	1.46093	141235
2016.05.20 00:00	1.46091	1.46129	1.44856	1.44856	113792
2016.05.23 00:00	1.45026	1.45488	1.44421	1.44829	117718
2016.05.24 00:00	1.44773	1.46418	1.44738	1.4634	123978
2016.05.25 00:00	1.46327	1.4729	1.46008	1.46963	125280
2016.05.26 00:00	1.46983	1.47393	1.46402	1.46684	122721
2016.05.27 00:00	1.46697	1.46885	1.46047	1.46151	115474
2016.05.30 00:00	1.46062	1.46412	1.45872	1.46389	76175
2016.05.31 00:00	1.46393	1.47242	1.44645	1.44814	142884
2016.06.01 00:00	1.44815	1.45073	1.43857	1.44118	151221
2016.06.02 00:00	1.44091	1.44727	1.44053	1.4422	134419
2016.06.03 00:00	1.44228	1.45814	1.43986	1.45132	144802
2016.06.06 00:00	1.44672	1.44817	1.43518	1.44376	157328
2016.06.07 00:00	1.44372	1.46613	1.44371	1.45429	134241
2016.06.08 00:00	1.45395	1.46003	1.45002	1.4504	124545
2016.06.09 00:00	1.45023	1.45268	1.44467	1.44543	125580
2016.06.10 00:00	1.44557	1.44724	1.41792	1.42489	129795
2016.06.13 00:00	1.42684	1.43284	1.41148	1.42696	176381
2016.06.14 00:00	1.42649	1.42674	1.40903	1.41104	159254
2016.06.15 00:00	1.41088	1.42178	1.40895	1.42037	144437
2016.06.16 00:00	1.42076	1.42535	1.40123	1.42016	163452
2016.06.17 00:00	1.42038	1.43874	1.4199	1.43518	151646
2016.06.20 00:00	1.44699	1.47183	1.44337	1.4682	158041
2016.06.21 00:00	1.46794	1.4783	1.46161	1.46456	156450
2016.06.22 00:00	1.46541	1.47738	1.4641	1.47113	147579
2016.06.23 00:00	1.47081	1.49465	1.47054	1.48638	203957
2016.06.24 00:00	1.48551	1.50175	1.32272	1.36366	345024
2016.06.27 00:00	1.34229	1.34837	1.31201	1.32245	234584
2016.06.28 00:00	1.32223	1.34194	1.32024	1.33409	167725
2016.06.29 00:00	1.33425	1.35332	1.32864	1.34205	170692
2016.06.30 00:00	1.34329	1.34962	1.32056	1.33097	193321
2016.07.01 00:00	1.33049	1.33492	1.32442	1.32698	145028
2016.07.04 00:00	1.32477	1.33409	1.32403	1.32813	102897
2016.07.05 00:00	1.32788	1.32906	1.29994	1.30216	150449
2016.07.06 00:00	1.30188	1.30266	1.27953	1.29281	190576
2016.07.07 00:00	1.29315	1.30469	1.28751	1.29069	157721
2016.07.08 00:00	1.29067	1.30183	1.28802	1.29358	137722
2016.07.11 00:00	1.29498	1.30179	1.28501	1.29978	145993
2016.07.12 00:00	1.29843	1.3295	1.29718	1.32457	166787
2016.07.13 00:00	1.32448	1.33381	1.31338	1.31461	164219
2016.07.14 00:00	1.31429	1.34768	1.31051	1.3343	178912
2016.07.15 00:00	1.33409	1.34805	1.31315	1.31824	173941
2016.07.18 00:00	1.3196	1.33145	1.31889	1.32535	133917
2016.07.19 00:00	1.32556	1.32748	1.30736	1.31096	135611
2016.07.20 00:00	1.31096	1.32274	1.30643	1.32049	123491
2016.07.21 00:00	1.32018	1.32745	1.31548	1.32307	139181
2016.07.22 00:00	1.3229	1.32908	1.30787	1.31099	134873
2016.07.25 00:00	1.31434	1.31644	1.30945	1.31377	102152
2016.07.26 00:00	1.31354	1.31768	1.30567	1.31282	120390
2016.07.27 00:00	1.31309	1.32347	1.30721	1.32237	135600
2016.07.28 00:00	1.32202	1.32482	1.3117	1.31601	115199
2016.07.29 00:00	1.31618	1.33013	1.31482	1.32223	123063
2016.08.01 00:00	1.32213	1.3272	1.31628	1.31744	79802
2016.08.02 00:00	1.31728	1.33654	1.31716	1.33538	98715
2016.08.03 00:00	1.33521	1.33715	1.32801	1.33241	93524
2016.08.04 00:00	1.33245	1.33455	1.31024	1.31059	111935
2016.08.05 00:00	1.31035	1.31747	1.3021	1.30557	89397
2016.08.08 00:00	1.30756	1.30965	1.30275	1.30405	69828
2016.08.09 00:00	1.30388	1.3046	1.29555	1.30002	83774
2016.08.10 00:00	1.3	1.30938	1.29906	1.30046	93179
2016.08.11 00:00	1.30058	1.30278	1.29354	1.29542	84036
2016.08.12 00:00	1.29546	1.30345	1.29033	1.29161	82619
2016.08.15 00:00	1.29198	1.2945	1.28654	1.28782	72366
2016.08.16 00:00	1.28768	1.3051	1.28751	1.30449	109411
2016.08.17 00:00	1.30416	1.30859	1.29757	1.30397	97833
2016.08.18 00:00	1.30385	1.31723	1.30322	1.31659	105446
2016.08.19 00:00	1.31624	1.31853	1.30225	1.30703	87133
2016.08.22 00:00	1.30491	1.3157	1.30341	1.31357	86126
2016.08.23 00:00	1.31334	1.32103	1.31281	1.31966	89145
2016.08.24 00:00	1.31946	1.32728	1.3161	1.32305	95081
2016.08.25 00:00	1.32305	1.32637	1.31688	1.31902	73631
2016.08.26 00:00	1.31903	1.32786	1.31217	1.31264	110140
2016.08.29 00:00	1.31108	1.31385	1.30593	1.31021	81520
2016.08.30 00:00	1.30998	1.31198	1.3059	1.30779	95869
2016.08.31 00:00	1.30771	1.31578	1.30659	1.31356	104117
2016.09.01 00:00	1.31369	1.33176	1.31279	1.32666	105396
2016.09.02 00:00	1.32667	1.33523	1.32525	1.328	107487
2016.09.05 00:00	1.32929	1.33751	1.32883	1.33015	79800
2016.09.06 00:00	1.33025	1.34448	1.3296	1.34408	102293
2016.09.07 00:00	1.3437	1.34376	1.3319	1.33387	101564
2016.09.08 00:00	1.33387	1.33752	1.32833	1.3292	102986
2016.09.09 00:00	1.32893	1.33358	1.32392	1.32618	93986
2016.09.12 00:00	1.32566	1.33469	1.32348	1.33349	101237
2016.09.13 00:00	1.33345	1.334	1.31671	1.31908	119436
2016.09.14 00:00	1.31878	1.32403	1.31381	1.32332	108742
2016.09.15 00:00	1.32307	1.32788	1.31793	1.32373	123057
2016.09.16 00:00	1.32337	1.32472	1.29928	1.29928	104018
2016.09.19 00:00	1.29965	1.30908	1.29962	1.30282	101755
2016.09.20 00:00	1.30275	1.30647	1.29468	1.29855	107396
2016.09.21 00:00	1.29866	1.30464	1.29448	1.30307	127866
2016.09.22 00:00	1.30257	1.31207	1.30257	1.30767	104776
2016.09.23 00:00	1.30742	1.30877	1.29148	1.29616	104644
2016.09.26 00:00	1.29628	1.29867	1.29159	1.29736	78808
2016.09.27 00:00	1.29725	1.30262	1.29364	1.30208	90204
2016.09.28 00:00	1.30188	1.30315	1.29795	1.30175	91698
2016.09.29 00:00	1.30155	1.30578	1.29539	1.29641	100376
2016.09.30 00:00	1.29631	1.30228	1.29366	1.29764	112246
2016.10.03 00:00	1.29182	1.29464	1.28171	1.28408	96347
2016.10.04 00:00	1.28363	1.286	1.27188	1.27283	124194
2016.10.05 00:00	1.27222	1.27712	1.26851	1.27493	103114
2016.10.06 00:00	1.27416	1.27594	1.26018	1.26146	107026
2016.10.07 00:00	1.26144	1.2622	1.19146	1.2426	205862
2016.10.10 00:00	1.23967	1.24441	1.23444	1.23602	103428
2016.10.11 00:00	1.23606	1.23724	1.20888	1.21247	143871
2016.10.12 00:00	1.21206	1.23249	1.21048	1.22056	164960
2016.10.13 00:00	1.21799	1.22722	1.21325	1.22532	137632
2016.10.14 00:00	1.22522	1.22614	1.21678	1.21771	119520
2016.10.17 00:00	1.21495	1.22015	1.21355	1.218	102720
2016.10.18 00:00	1.21798	1.2325	1.21764	1.22973	106663
2016.10.19 00:00	1.22936	1.23327	1.22537	1.22845	90554
2016.10.20 00:00	1.22806	1.2298	1.22097	1.22522	88779
2016.10.21 00:00	1.22492	1.22602	1.21709	1.22259	76147
2016.10.24 00:00	1.22104	1.22492	1.21853	1.22378	79718
2016.10.25 00:00	1.22342	1.22434	1.20822	1.21889	132735
2016.10.26 00:00	1.21858	1.22489	1.21562	1.22462	127999
2016.10.27 00:00	1.22421	1.22714	1.21488	1.2161	157161
2016.10.28 00:00	1.21597	1.22118	1.21138	1.21881	143117
2016.10.31 00:00	1.21774	1.22487	1.21437	1.22412	115284
2016.11.01 00:00	1.22341	1.22805	1.22056	1.22423	123606
2016.11.02 00:00	1.22417	1.23546	1.22202	1.22999	137566
2016.11.03 00:00	1.23018	1.24945	1.22965	1.24604	134138
2016.11.04 00:00	1.24559	1.25572	1.24489	1.25127	104395
2016.11.07 00:00	1.24496	1.24973	1.23788	1.23945	114243
2016.11.08 00:00	1.23937	1.24397	1.23609	1.23829	138056
2016.11.09 00:00	1.23724	1.25468	1.23529	1.24057	361773
2016.11.10 00:00	1.24053	1.25844	1.23774	1.25541	247661
2016.11.11 00:00	1.25448	1.26737	1.25253	1.25894	214169
2016.11.14 00:00	1.25609	1.25918	1.24438	1.24896	211553
2016.11.15 00:00	1.24839	1.25287	1.23798	1.24527	200104
2016.11.16 00:00	1.24528	1.25023	1.24097	1.24421	192413
2016.11.17 00:00	1.24399	1.2505	1.24085	1.24137	185736
2016.11.18 00:00	1.24068	1.24361	1.23019	1.23404	209039
2016.11.21 00:00	1.23447	1.25113	1.23121	1.24899	204685
2016.11.22 00:00	1.24909	1.25123	1.23839	1.24211	170582
2016.11.23 00:00	1.24174	1.24685	1.236	1.24373	155848
2016.11.24 00:00	1.24293	1.24943	1.24016	1.24451	148474
2016.11.25 00:00	1.24461	1.24811	1.24157	1.24726	188377
2016.11.28 00:00	1.24649	1.25311	1.23858	1.24147	182406
2016.11.29 00:00	1.24029	1.25254	1.23878	1.24897	166663
2016.11.30 00:00	1.24895	1.25229	1.24191	1.25055	197799
2016.12.01 00:00	1.25051	1.26957	1.2499	1.25896	214168
2016.12.02 00:00	1.25899	1.27374	1.257	1.27256	167969
2016.12.05 00:00	1.26762	1.27446	1.26252	1.27291	215464
2016.12.06 00:00	1.27242	1.27746	1.26565	1.26771	144396
2016.12.07 00:00	1.26772	1.26827	1.25698	1.26238	133402
2016.12.08 00:00	1.26243	1.27045	1.2549	1.25844	180710
2016.12.09 00:00	1.2575	1.26205	1.25521	1.25757	133391
2016.12.12 00:00	1.25716	1.26995	1.25666	1.26745	150016
2016.12.13 00:00	1.26729	1.27279	1.26532	1.26554	158024
2016.12.14 00:00	1.26578	1.27205	1.25292	1.25632	132964
2016.12.15 00:00	1.25598	1.25675	1.23758	1.24158	174437
2016.12.16 00:00	1.24124	1.25103	1.23825	1.24845	139370
2016.12.19 00:00	1.24759	1.25021	1.23549	1.23895	119227
2016.12.20 00:00	1.23919	1.24113	1.23125	1.23667	106744
2016.12.21 00:00	1.23618	1.23903	1.23233	1.23503	95426
2016.12.22 00:00	1.23507	1.2378	1.22771	1.22821	97625
2016.12.23 00:00	1.22814	1.22981	1.22284	1.22684	76300
2016.12.27 00:00	1.22773	1.22865	1.22405	1.22662	55659
2016.12.28 00:00	1.22642	1.22965	1.22003	1.22243	80293
2016.12.29 00:00	1.22247	1.22741	1.22084	1.2258	90974
2016.12.30 00:00	1.22564	1.23878	1.22453	1.23337	129523
2017.01.03 00:00	1.22736	1.23064	1.21991	1.2236	112197
2017.01.04 00:00	1.2238	1.23526	1.22207	1.23204	115933
2017.01.05 00:00	1.23196	1.24327	1.22698	1.24139	158114
2017.01.06 00:00	1.24083	1.24304	1.22608	1.22821	121905
2017.01.09 00:00	1.22448	1.22706	1.21234	1.21573	123989
2017.01.10 00:00	1.21585	1.21897	1.2107	1.21752	129242
2017.01.11 00:00	1.21731	1.22719	1.20374	1.22076	171333
2017.01.12 00:00	1.22048	1.23168	1.21521	1.21605	168673
2017.01.13 00:00	1.21575	1.22326	1.2121	1.21923	139565
2017.01.16 00:00	1.1996	1.20854	1.19862	1.204	144150
2017.01.17 00:00	1.20416	1.24154	1.20157	1.24137	197290
2017.01.18 00:00	1.24034	1.24141	1.22537	1.22566	160584
2017.01.19 00:00	1.22567	1.2343	1.22527	1.23387	166976
2017.01.20 00:00	1.23417	1.23804	1.22601	1.23722	162395
2017.01.23 00:00	1.23697	1.25376	1.23693	1.25316	144277
2017.01.24 00:00	1.25325	1.25437	1.24181	1.25181	156324
2017.01.25 00:00	1.25181	1.26384	1.24908	1.26311	150957
2017.01.26 00:00	1.26319	1.26733	1.25564	1.25912	156072
2017.01.27 00:00	1.25899	1.26051	1.25155	1.2534	135303
2017.01.30 00:00	1.25767	1.26002	1.24654	1.24849	129966
2017.01.31 00:00	1.24847	1.25962	1.24122	1.25752	164852
2017.02.01 00:00	1.25748	1.26793	1.25425	1.26547	150737
2017.02.02 00:00	1.26529	1.2706	1.2518	1.25242	151956
2017.02.03 00:00	1.25217	1.25376	1.24537	1.24797	144765
2017.02.06 00:00	1.24767	1.24986	1.24273	1.24661	121401
2017.02.07 00:00	1.24619	1.25462	1.23466	1.25088	142842
2017.02.08 00:00	1.25058	1.25496	1.24746	1.25402	137656
2017.02.09 00:00	1.25379	1.2582	1.24907	1.2494	130616
2017.02.10 00:00	1.24907	1.25209	1.24397	1.24792	128229
2017.02.13 00:00	1.24817	1.25392	1.24621	1.25241	126600
2017.02.14 00:00	1.25239	1.25484	1.24432	1.24656	174280
2017.02.15 00:00	1.24657	1.24807	1.2383	1.24605	176121
2017.02.16 00:00	1.24587	1.25233	1.2454	1.24876	161040
2017.02.17 00:00	1.24872	1.25106	1.23878	1.24068	142441
2017.02.20 00:00	1.24001	1.24825	1.24001	1.2461	126767
2017.02.21 00:00	1.24571	1.24809	1.24015	1.24729	154473
2017.02.22 00:00	1.24557	1.25078	1.24094	1.24493	173102
2017.02.23 00:00	1.24429	1.25614	1.24275	1.25541	152279
2017.02.24 00:00	1.25536	1.25697	1.24475	1.24475	147617
2017.02.27 00:00	1.24689	1.24785	1.23834	1.24427	161566
2017.02.28 00:00	1.24398	1.24703	1.23746	1.23792	146289
2017.03.01 00:00	1.23784	1.24045	1.22797	1.22917	173109
2017.03.02 00:00	1.22922	1.23071	1.22422	1.22658	147578
2017.03.03 00:00	1.22642	1.22998	1.2214	1.22897	159005
2017.03.06 00:00	1.22798	1.23003	1.2224	1.22343	128089
2017.03.07 00:00	1.22336	1.22523	1.21693	1.22016	126380
2017.03.08 00:00	1.2199	1.22137	1.21392	1.21672	131864
2017.03.09 00:00	1.2166	1.2195	1.21339	1.2163	164888
2017.03.10 00:00	1.21627	1.21883	1.21349	1.21517	154188
2017.03.13 00:00	1.21561	1.22508	1.21525	1.22173	152756
2017.03.14 00:00	1.22166	1.22218	1.21088	1.21546	131772
2017.03.15 00:00	1.21546	1.23093	1.21441	1.22879	156233
2017.03.16 00:00	1.22891	1.23769	1.22411	1.2358	165828
2017.03.17 00:00	1.23565	1.24046	1.23238	1.23941	132018
2017.03.20 00:00	1.23863	1.24358	1.2335	1.23569	115759
2017.03.21 00:00	1.23569	1.24942	1.23403	1.24781	152611
2017.03.22 00:00	1.2478	1.25061	1.24236	1.24832	144519
2017.03.23 00:00	1.24819	1.2531	1.24629	1.25208	137802
2017.03.24 00:00	1.25198	1.2521	1.24688	1.24722	120865
2017.03.27 00:00	1.24916	1.26155	1.24887	1.25559	134419
2017.03.28 00:00	1.25558	1.25962	1.2441	1.24507	124029
2017.03.29 00:00	1.24422	1.24764	1.23761	1.24355	149723
2017.03.30 00:00	1.24335	1.25246	1.24026	1.24673	120625
2017.03.31 00:00	1.24673	1.25562	1.24332	1.254	145552
2017.04.03 00:00	1.25385	1.25551	1.24655	1.24837	135072
2017.04.04 00:00	1.24839	1.2495	1.24188	1.24386	146363
2017.04.05 00:00	1.24399	1.24978	1.24227	1.24825	164437
2017.04.06 00:00	1.24832	1.25057	1.24499	1.2469	159196
2017.04.07 00:00	1.24688	1.24775	1.23644	1.23649	205575
2017.04.10 00:00	1.2378	1.24288	1.2365	1.24155	135839
2017.04.11 00:00	1.24117	1.2495	1.24031	1.24914	159063
2017.04.12 00:00	1.24905	1.25482	1.248	1.25374	203102
2017.04.13 00:00	1.25355	1.25746	1.25002	1.2501	182588
2017.04.14 00:00	1.25064	1.25348	1.25	1.2519	85968
2017.04.17 00:00	1.25267	1.25959	1.2524	1.25613	101592
2017.04.18 00:00	1.25634	1.29056	1.25149	1.28405	273157
2017.04.19 00:00	1.28435	1.28601	1.27698	1.27738	220375
2017.04.20 00:00	1.2774	1.2847	1.27723	1.28112	178844
2017.04.21 00:00	1.28115	1.28344	1.27559	1.28007	168105
2017.04.24 00:00	1.2824	1.28379	1.27718	1.27954	209297
2017.04.25 00:00	1.27953	1.28457	1.27748	1.28361	142839
2017.04.26 00:00	1.28358	1.28634	1.28048	1.28489	156995
2017.04.27 00:00	1.28471	1.29173	1.28391	1.29042	155012
2017.04.28 00:00	1.29024	1.29653	1.28884	1.29438	163154
2017.05.01 00:00	1.2924	1.29429	1.28823	1.28841	70049
2017.05.02 00:00	1.28822	1.29399	1.28641	1.2938	116530
2017.05.03 00:00	1.29387	1.29474	1.2865	1.28652	131486
2017.05.04 00:00	1.28666	1.29323	1.28306	1.29201	134572
2017.05.05 00:00	1.29214	1.2984	1.28999	1.29793	137308
2017.05.08 00:00	1.29814	1.29895	1.29299	1.29402	130339
2017.05.09 00:00	1.29347	1.29609	1.29025	1.29345	144953
2017.05.10 00:00	1.29281	1.29879	1.29278	1.29378	133340
2017.05.11 00:00	1.29354	1.29485	1.28491	1.28882	159069
2017.05.12 00:00	1.28847	1.28998	1.28445	1.28825	165538
2017.05.15 00:00	1.28802	1.29406	1.28802	1.28936	146069
2017.05.16 00:00	1.28925	1.29574	1.28652	1.2915	179694
2017.05.17 00:00	1.29182	1.29906	1.29058	1.29707	195183
2017.05.18 00:00	1.29701	1.30478	1.28887	1.29416	255409
2017.05.19 00:00	1.29266	1.304	1.2915	1.30274	160678
2017.05.22 00:00	1.29906	1.30429	1.29653	1.2999	149952
2017.05.23 00:00	1.29967	1.30336	1.29528	1.29607	193600
2017.05.24 00:00	1.29593	1.29991	1.29268	1.29725	176641
2017.05.25 00:00	1.29761	1.30149	1.29316	1.294	157574
2017.05.26 00:00	1.29353	1.2947	1.27752	1.28028	200634
2017.05.29 00:00	1.27998	1.28502	1.27935	1.28392	99778
2017.05.30 00:00	1.28376	1.28881	1.27939	1.28572	157279
2017.05.31 00:00	1.28581	1.29211	1.2769	1.28905	195612
2017.06.01 00:00	1.2889	1.29157	1.28296	1.28794	163720
2017.06.02 00:00	1.28792	1.29035	1.28455	1.28882	150935
2017.06.05 00:00	1.28562	1.29409	1.28547	1.29035	138738
2017.06.06 00:00	1.29013	1.29501	1.28719	1.29078	150503
2017.06.07 00:00	1.29086	1.29681	1.28873	1.29623	170973
2017.06.08 00:00	1.29623	1.29776	1.29079	1.29567	195285
2017.06.09 00:00	1.29577	1.29584	1.26347	1.27424	351204
2017.06.12 00:00	1.27131	1.27694	1.26398	1.26625	172324
2017.06.13 00:00	1.26622	1.27565	1.2642	1.27523	166421
2017.06.14 00:00	1.27519	1.28179	1.27232	1.27508	246309
2017.06.15 00:00	1.27436	1.27957	1.26902	1.27568	231187
2017.06.16 00:00	1.27533	1.28052	1.27505	1.27703	171350
2017.06.19 00:00	1.27582	1.28143	1.27229	1.2736	117838
2017.06.20 00:00	1.27369	1.27579	1.26048	1.26255	134335
2017.06.21 00:00	1.26287	1.27099	1.25888	1.2671	112663
2017.06.22 00:00	1.2671	1.26911	1.26535	1.26825	97194
2017.06.23 00:00	1.26802	1.27444	1.26751	1.27164	95232
2017.06.26 00:00	1.27337	1.27596	1.27062	1.2723	92036
2017.06.27 00:00	1.27205	1.28609	1.27159	1.28121	123513
2017.06.28 00:00	1.28104	1.29718	1.27937	1.29224	153216
2017.06.29 00:00	1.29241	1.30154	1.29232	1.30042	140571
2017.06.30 00:00	1.29977	1.30299	1.29447	1.30198	132689
2017.07.03 00:00	1.30031	1.30243	1.29316	1.29392	106305
2017.07.04 00:00	1.29346	1.29588	1.29121	1.29177	114125
2017.07.05 00:00	1.29159	1.29477	1.28933	1.2931	112360
2017.07.06 00:00	1.29324	1.29834	1.29192	1.29712	114677
2017.07.07 00:00	1.29702	1.29745	1.28663	1.28795	109839
2017.07.10 00:00	1.28779	1.29078	1.2854	1.28809	78841
2017.07.11 00:00	1.28753	1.29272	1.28309	1.2845	107119
2017.07.12 00:00	1.28427	1.29072	1.28115	1.28842	141073
2017.07.13 00:00	1.28798	1.29548	1.28785	1.29377	117193
2017.07.14 00:00	1.29369	1.31134	1.29351	1.30988	112160
2017.07.17 00:00	1.30973	1.31126	1.30466	1.30524	109601
2017.07.18 00:00	1.30516	1.31256	1.30048	1.30392	144111
2017.07.19 00:00	1.30388	1.30527	1.30104	1.30217	100944
2017.07.20 00:00	1.30233	1.30323	1.29327	1.29727	150442
2017.07.21 00:00	1.29692	1.30196	1.29532	1.29941	118575
2017.07.24 00:00	1.29909	1.30578	1.29855	1.3028	103755
2017.07.25 00:00	1.3028	1.30836	1.30075	1.30244	109983
2017.07.26 00:00	1.30249	1.31228	1.29988	1.31176	134563
2017.07.27 00:00	1.31111	1.31588	1.30517	1.3062	151228
2017.07.28 00:00	1.30624	1.31517	1.30617	1.31315	129675
2017.07.31 00:00	1.31216	1.32246	1.30968	1.32102	117951
2017.08.01 00:00	1.32146	1.32449	1.31905	1.32037	116747
2017.08.02 00:00	1.31978	1.3251	1.31908	1.32233	115300
2017.08.03 00:00	1.32218	1.32684	1.31121	1.31367	133861
2017.08.04 00:00	1.31361	1.31641	1.30235	1.30346	124990
2017.08.07 00:00	1.3035	1.30588	1.30134	1.30326	97666
2017.08.08 00:00	1.30328	1.30532	1.29522	1.29931	104632
2017.08.09 00:00	1.29882	1.3028	1.29679	1.30003	130978
2017.08.10 00:00	1.29984	1.3015	1.29508	1.29767	133182
2017.08.11 00:00	1.29768	1.30312	1.29393	1.30095	130217
2017.08.14 00:00	1.3007	1.30216	1.29562	1.29634	104745
2017.08.15 00:00	1.29631	1.29698	1.28458	1.28658	154454
2017.08.16 00:00	1.28682	1.29028	1.28408	1.289	183951
2017.08.17 00:00	1.28895	1.29088	1.28523	1.28663	208550
2017.08.18 00:00	1.28656	1.29177	1.28313	1.28714	181463
2017.08.21 00:00	1.28579	1.29163	1.28468	1.28953	130432
2017.08.22 00:00	1.28977	1.29085	1.28105	1.28231	143951
2017.08.23 00:00	1.28219	1.28331	1.27794	1.27979	157336
2017.08.24 00:00	1.27978	1.28369	1.27736	1.27996	154182
2017.08.25 00:00	1.27995	1.28888	1.27926	1.28778	192821
2017.08.28 00:00	1.29232	1.29425	1.28732	1.2933	131608
2017.08.29 00:00	1.29324	1.29787	1.29147	1.2917	209772
2017.08.30 00:00	1.29158	1.29378	1.28782	1.29236	188728
2017.08.31 00:00	1.29198	1.29346	1.2852	1.29253	197795
2017.09.01 00:00	1.29302	1.29951	1.29005	1.29524	190285
2017.09.04 00:00	1.29603	1.29659	1.29125	1.29282	136138
2017.09.05 00:00	1.29104	1.30423	1.29085	1.30297	199857
2017.09.06 00:00	1.30333	1.3082	1.30182	1.30414	193972
2017.09.07 00:00	1.30414	1.31155	1.30323	1.31016	220786
2017.09.08 00:00	1.30981	1.32239	1.30939	1.31942	212032
2017.09.11 00:00	1.31798	1.32221	1.31609	1.31634	160043
2017.09.12 00:00	1.31613	1.32981	1.31602	1.32817	182468
2017.09.13 00:00	1.32819	1.33288	1.31838	1.32071	179917
2017.09.14 00:00	1.32078	1.34054	1.31483	1.33936	213622
2017.09.15 00:00	1.33944	1.36164	1.33814	1.35868	235520
2017.09.18 00:00	1.35552	1.36186	1.34646	1.34983	202737
2017.09.19 00:00	1.34961	1.35514	1.34685	1.35118	215583
2017.09.20 00:00	1.35105	1.36569	1.34516	1.34926	265372
2017.09.21 00:00	1.34931	1.35864	1.34706	1.35828	223568
2017.09.22 00:00	1.35763	1.3596	1.34497	1.34968	231323
2017.09.25 00:00	1.34866	1.35706	1.34306	1.34666	215229
2017.09.26 00:00	1.34628	1.35143	1.34091	1.34582	225312
2017.09.27 00:00	1.34571	1.34614	1.33634	1.33857	243402
2017.09.28 00:00	1.33811	1.34554	1.33426	1.34409	221028
2017.09.29 00:00	1.34375	1.34428	1.33495	1.33962	204513
2017.10.02 00:00	1.33669	1.34024	1.32559	1.32723	196483
2017.10.03 00:00	1.32717	1.32875	1.32219	1.32374	191586
2017.10.04 00:00	1.32336	1.32916	1.32336	1.3247	179540
2017.10.05 00:00	1.32414	1.325	1.31073	1.31184	180658
2017.10.06 00:00	1.31173	1.31206	1.30269	1.30673	204322
2017.10.09 00:00	1.30893	1.31836	1.30748	1.31409	132483
2017.10.10 00:00	1.31403	1.32258	1.31309	1.32025	171454
2017.10.11 00:00	1.32015	1.32342	1.31748	1.32223	165409
2017.10.12 00:00	1.32163	1.32905	1.31212	1.32597	217608
2017.10.13 00:00	1.32593	1.33377	1.32459	1.32844	145572
2017.10.16 00:00	1.32868	1.33113	1.32247	1.32494	108783
2017.10.17 00:00	1.32501	1.32868	1.31544	1.31875	133210
2017.10.18 00:00	1.31887	1.3212	1.31395	1.32039	124702
2017.10.19 00:00	1.32032	1.32281	1.31288	1.31564	143909
2017.10.20 00:00	1.31563	1.32002	1.30875	1.31865	153280
2017.10.23 00:00	1.31792	1.32268	1.31573	1.3197	117905
2017.10.24 00:00	1.31963	1.32277	1.3113	1.31318	124522
2017.10.25 00:00	1.31285	1.32716	1.31097	1.32613	168958
2017.10.26 00:00	1.32523	1.32789	1.31464	1.31605	147303
2017.10.27 00:00	1.31577	1.31619	1.30695	1.31257	147661
2017.10.30 00:00	1.31161	1.32148	1.31088	1.32073	113767
2017.10.31 00:00	1.32069	1.32883	1.31914	1.32826	119325
2017.11.01 00:00	1.32817	1.33205	1.324	1.32444	135831
2017.11.02 00:00	1.3242	1.32989	1.30426	1.30589	174326
2017.11.03 00:00	1.30586	1.3132	1.3039	1.30753	126574
2017.11.06 00:00	1.30651	1.31745	1.30579	1.31702	108468
2017.11.07 00:00	1.31676	1.31774	1.31087	1.31656	119841
2017.11.08 00:00	1.3163	1.31755	1.3086	1.31143	113921
2017.11.09 00:00	1.31104	1.31652	1.30847	1.31455	149949
2017.11.10 00:00	1.31433	1.32292	1.31118	1.31895	131765
2017.11.13 00:00	1.3159	1.31798	1.30616	1.3115	126237
2017.11.14 00:00	1.31138	1.31869	1.30714	1.31641	129985
2017.11.15 00:00	1.31639	1.32136	1.31302	1.3171	184273
2017.11.16 00:00	1.31692	1.32074	1.3135	1.31938	153639
2017.11.17 00:00	1.31911	1.326	1.31694	1.32158	158880
2017.11.20 00:00	1.32159	1.32793	1.31853	1.32337	154186
2017.11.21 00:00	1.32313	1.32672	1.3209	1.3237	131714
2017.11.22 00:00	1.32363	1.33293	1.32121	1.33255	133995
2017.11.23 00:00	1.33183	1.33369	1.3284	1.33058	90185
2017.11.24 00:00	1.33014	1.33597	1.32782	1.33288	118549
2017.11.27 00:00	1.33206	1.3383	1.33099	1.3318	128794
2017.11.28 00:00	1.33141	1.33876	1.32206	1.33391	194239
2017.11.29 00:00	1.33321	1.34478	1.33321	1.34087	185357
2017.11.30 00:00	1.34068	1.35487	1.34061	1.35283	196506
2017.12.01 00:00	1.35269	1.35493	1.34442	1.34753	215334
2017.12.04 00:00	1.34335	1.35384	1.34111	1.34799	179398
2017.12.05 00:00	1.34771	1.34816	1.33701	1.34419	152396
2017.12.06 00:00	1.34399	1.34432	1.33575	1.33901	139060
2017.12.07 00:00	1.33887	1.34849	1.33196	1.34734	139810
2017.12.08 00:00	1.34702	1.35199	1.33553	1.33859	161331
2017.12.11 00:00	1.33696	1.34312	1.33304	1.33389	119108
2017.12.12 00:00	1.33362	1.33797	1.33028	1.33173	130098
2017.12.13 00:00	1.33158	1.34292	1.33111	1.34162	144968
2017.12.14 00:00	1.34118	1.34649	1.33666	1.34302	171473
2017.12.15 00:00	1.34275	1.34473	1.33012	1.33177	151918
2017.12.18 00:00	1.33075	1.34184	1.33075	1.33816	124135
2017.12.19 00:00	1.33828	1.34019	1.33307	1.33843	139987
2017.12.20 00:00	1.33832	1.342	1.33713	1.33748	128434
2017.12.21 00:00	1.33748	1.33872	1.33312	1.33851	120574
2017.12.22 00:00	1.3383	1.33972	1.33463	1.33549	141814
2017.12.26 00:00	1.33539	1.3389	1.33473	1.33747	87091
2017.12.27 00:00	1.33734	1.34294	1.33673	1.33983	146159
2017.12.28 00:00	1.33994	1.34565	1.33908	1.344	140868
2017.12.29 00:00	1.34309	1.35441	1.34239	1.35018	152105
2018.01.02 00:00	1.35062	1.36005	1.34874	1.35922	174273
2018.01.03 00:00	1.3587	1.36125	1.34935	1.35162	162992
2018.01.04 00:00	1.35116	1.35596	1.35053	1.35493	159624
2018.01.05 00:00	1.35438	1.35821	1.3523	1.35654	164069
2018.01.08 00:00	1.35496	1.35853	1.35228	1.35671	137128
2018.01.09 00:00	1.35634	1.35821	1.35058	1.3539	147593
2018.01.10 00:00	1.35399	1.35619	1.34821	1.35064	210674
2018.01.11 00:00	1.35058	1.35547	1.34578	1.35395	205750
2018.01.12 00:00	1.35331	1.37442	1.35319	1.37301	246800
2018.01.15 00:00	1.3726	1.38197	1.37235	1.37876	191303
2018.01.16 00:00	1.37868	1.38056	1.37417	1.37904	202246
2018.01.17 00:00	1.37916	1.39426	1.37566	1.38267	262242
2018.01.18 00:00	1.38236	1.3913	1.38047	1.38925	235403
2018.01.19 00:00	1.389	1.3945	1.38382	1.38501	239621
2018.01.22 00:00	1.38861	1.39904	1.38568	1.39874	200967
2018.01.23 00:00	1.39817	1.40275	1.39156	1.39981	233244
2018.01.24 00:00	1.40027	1.42628	1.39968	1.42384	302780
2018.01.25 00:00	1.42351	1.43452	1.40828	1.41378	428425
2018.01.26 00:00	1.41323	1.42866	1.41076	1.41622	361683
2018.01.29 00:00	1.41267	1.41583	1.40249	1.40741	291679
2018.01.30 00:00	1.40717	1.41668	1.39797	1.41491	310687
2018.01.31 00:00	1.4143	1.42328	1.41218	1.41919	367746
2018.02.01 00:00	1.41698	1.42781	1.41589	1.42597	300619
2018.02.02 00:00	1.42468	1.4278	1.41012	1.41154	311473
2018.02.05 00:00	1.4099	1.41505	1.39544	1.39608	343345
2018.02.06 00:00	1.39544	1.39994	1.38361	1.395	430227
2018.02.07 00:00	1.39416	1.39942	1.38484	1.38807	297753
2018.02.08 00:00	1.38731	1.4067	1.38455	1.3911	398959
2018.02.09 00:00	1.39105	1.39869	1.37643	1.38261	371564
2018.02.12 00:00	1.38	1.38759	1.37944	1.38357	237150
2018.02.13 00:00	1.38351	1.39227	1.38323	1.38909	241142
2018.02.14 00:00	1.38878	1.40164	1.37997	1.3998	308963
2018.02.15 00:00	1.39952	1.41044	1.39937	1.40995	287871
2018.02.16 00:00	1.40955	1.41448	1.39964	1.40255	259610
2018.02.19 00:00	1.40111	1.40493	1.39586	1.39958	167899
2018.02.20 00:00	1.39956	1.40242	1.39311	1.39951	232811
2018.02.21 00:00	1.39949	1.40088	1.3904	1.39169	285201
2018.02.22 00:00	1.39168	1.3989	1.38565	1.39534	249594
2018.02.23 00:00	1.39502	1.40054	1.39041	1.39688	214750
2018.02.26 00:00	1.39814	1.40698	1.39278	1.39665	213638
2018.02.27 00:00	1.39652	1.39962	1.38575	1.39088	258604
2018.02.28 00:00	1.39063	1.39164	1.37566	1.37588	256010
2018.03.01 00:00	1.37586	1.37856	1.37115	1.37751	299842
2018.03.02 00:00	1.37706	1.38165	1.37553	1.37996	278976
2018.03.05 00:00	1.37972	1.38774	1.37662	1.38483	254375
2018.03.06 00:00	1.38482	1.39292	1.38164	1.38878	246888
2018.03.07 00:00	1.38859	1.39123	1.3846	1.38996	259844
2018.03.08 00:00	1.38866	1.391	1.37811	1.38111	265636
2018.03.09 00:00	1.38068	1.38888	1.37878	1.38494	248995
2018.03.12 00:00	1.38419	1.39175	1.38408	1.39055	179991
2018.03.13 00:00	1.39054	1.39944	1.38743	1.39623	220924
2018.03.14 00:00	1.39604	1.39956	1.39249	1.3961	216568
2018.03.15 00:00	1.39611	1.39883	1.39213	1.39355	224610
2018.03.16 00:00	1.39353	1.39804	1.38894	1.39437	203326
2018.03.19 00:00	1.39349	1.40881	1.39128	1.4024	249923
2018.03.20 00:00	1.40235	1.40663	1.39825	1.39971	219746
2018.03.21 00:00	1.39968	1.41503	1.39941	1.41406	265601
2018.03.22 00:00	1.41384	1.42183	1.40756	1.40938	282831
2018.03.23 00:00	1.40958	1.41716	1.40848	1.41328	259925
2018.03.26 00:00	1.41323	1.42446	1.41296	1.42293	205388
2018.03.27 00:00	1.42242	1.42441	1.40656	1.41571	240968
2018.03.28 00:00	1.41456	1.42001	1.40705	1.4077	246260
2018.03.29 00:00	1.40752	1.40961	1.40104	1.40201	219057
2018.03.30 00:00	1.40174	1.40596	1.40123	1.4019	73432
2018.04.02 00:00	1.40193	1.40775	1.4016	1.40426	132097
2018.04.03 00:00	1.40436	1.40887	1.40207	1.40587	208079
2018.04.04 00:00	1.40534	1.40964	1.40148	1.40797	218468
2018.04.05 00:00	1.4077	1.40969	1.39653	1.40028	191978
2018.04.06 00:00	1.40006	1.41052	1.39829	1.40872	232033
2018.04.09 00:00	1.40886	1.41644	1.40781	1.41299	195391
2018.04.10 00:00	1.41277	1.41878	1.41201	1.41748	228617
2018.04.11 00:00	1.41741	1.4223	1.41604	1.41755	216958
2018.04.12 00:00	1.41737	1.42467	1.41451	1.42262	196271
2018.04.13 00:00	1.42259	1.42964	1.42208	1.42378	158994
2018.04.16 00:00	1.42349	1.43442	1.42299	1.4337	151402
2018.04.17 00:00	1.43368	1.43766	1.42825	1.42901	162486
2018.04.18 00:00	1.42834	1.43145	1.4173	1.42027	170910
2018.04.19 00:00	1.41988	1.42461	1.40686	1.40889	214107
2018.04.20 00:00	1.40888	1.4091	1.40043	1.40081	189683
2018.04.23 00:00	1.40029	1.40311	1.3926	1.39392	202722
2018.04.24 00:00	1.39387	1.3987	1.3918	1.39773	188756
2018.04.25 00:00	1.39716	1.39969	1.39232	1.39292	163107
2018.04.26 00:00	1.39287	1.3998	1.38949	1.39115	186765
2018.04.27 00:00	1.39121	1.39343	1.37472	1.37784	187932
2018.04.30 00:00	1.37699	1.37923	1.37124	1.37645	177164
2018.05.01 00:00	1.37557	1.37726	1.35883	1.36153	182481
2018.05.02 00:00	1.36122	1.36658	1.35548	1.35704	231401
2018.05.03 00:00	1.35714	1.36295	1.35377	1.35735	220067
2018.05.04 00:00	1.35736	1.35859	1.34862	1.35329	180114
2018.05.07 00:00	1.35323	1.35754	1.35151	1.35557	168299
2018.05.08 00:00	1.35556	1.35926	1.34845	1.35477	204780
2018.05.09 00:00	1.35472	1.36069	1.34989	1.35452	205106
2018.05.10 00:00	1.35439	1.36177	1.34599	1.35163	246513
2018.05.11 00:00	1.35132	1.35958	1.35019	1.35387	194924
2018.05.14 00:00	1.35349	1.36082	1.35349	1.35553	180781
2018.05.15 00:00	1.35552	1.35718	1.34511	1.3504	202297
2018.05.16 00:00	1.35037	1.3521	1.34558	1.34904	225715
2018.05.17 00:00	1.34829	1.35693	1.34742	1.3515	241883
2018.05.18 00:00	1.35148	1.3528	1.3455	1.34712	167519
2018.05.21 00:00	1.3459	1.34829	1.33908	1.34262	179528
2018.05.22 00:00	1.34242	1.34916	1.34125	1.34316	178206
2018.05.23 00:00	1.34279	1.34422	1.33052	1.33443	221923
2018.05.24 00:00	1.3342	1.34217	1.33337	1.33792	247637
2018.05.25 00:00	1.33768	1.33889	1.32934	1.32955	241997
2018.05.28 00:00	1.33149	1.33411	1.32963	1.3308	185496
2018.05.29 00:00	1.33061	1.33253	1.32042	1.32537	277188
2018.05.30 00:00	1.32441	1.3307	1.32389	1.32814	259826
2018.05.31 00:00	1.32799	1.33481	1.32772	1.32945	246481
2018.06.01 00:00	1.32942	1.33618	1.32536	1.33465	240401
2018.06.04 00:00	1.33319	1.33985	1.32948	1.33119	211138
2018.06.05 00:00	1.3312	1.34086	1.33019	1.33951	227613
2018.06.06 00:00	1.33765	1.34431	1.33758	1.34121	217135
2018.06.07 00:00	1.34096	1.34724	1.33711	1.34213	239012
2018.06.08 00:00	1.34208	1.34391	1.33545	1.34071	211222
2018.06.11 00:00	1.34046	1.34413	1.33447	1.3382	166295
2018.06.12 00:00	1.33717	1.34246	1.33419	1.33718	208532
2018.06.13 00:00	1.33712	1.33893	1.33081	1.33764	193014
2018.06.14 00:00	1.33735	1.34466	1.32567	1.32583	233569
2018.06.15 00:00	1.32599	1.32982	1.32112	1.32801	204817
2018.06.18 00:00	1.32609	1.32803	1.32258	1.32454	170445
2018.06.19 00:00	1.32439	1.32727	1.31506	1.3173	224968
2018.06.20 00:00	1.3172	1.3217	1.31463	1.31711	205284
2018.06.21 00:00	1.31672	1.32699	1.31018	1.3242	249606
2018.06.22 00:00	1.3229	1.3315	1.3229	1.32602	217584
2018.06.25 00:00	1.32497	1.32907	1.32211	1.32801	204951
2018.06.26 00:00	1.32755	1.32919	1.31919	1.32222	208328
2018.06.27 00:00	1.32142	1.3234	1.31062	1.31134	230173
2018.06.28 00:00	1.31109	1.31204	1.30495	1.30774	233108
2018.06.29 00:00	1.30758	1.32138	1.30673	1.32066	245624
2018.07.02 00:00	1.31909	1.32084	1.3095	1.31422	174725
2018.07.03 00:00	1.3144	1.32066	1.31146	1.31918	168181
2018.07.04 00:00	1.3189	1.32494	1.31707	1.32252	131949
2018.07.05 00:00	1.32072	1.32746	1.32039	1.32192	203417
2018.07.06 00:00	1.32092	1.32901	1.32032	1.32837	147789
2018.07.09 00:00	1.33124	1.33626	1.31898	1.32562	196763
2018.07.10 00:00	1.32555	1.33011	1.32232	1.32713	163726
2018.07.11 00:00	1.32682	1.32853	1.31994	1.32038	186233
2018.07.12 00:00	1.32025	1.32447	1.31802	1.32045	155298
2018.07.13 00:00	1.32027	1.32383	1.31025	1.32367	162125
2018.07.16 00:00	1.32252	1.32929	1.32167	1.32352	136798
2018.07.17 00:00	1.32336	1.32688	1.30682	1.31153	175030
2018.07.18 00:00	1.31017	1.31168	1.30096	1.3069	156443
2018.07.19 00:00	1.30657	1.30833	1.29574	1.30135	184484
2018.07.20 00:00	1.30133	1.31405	1.29949	1.31297	180337
2018.07.23 00:00	1.31174	1.31582	1.3082	1.30939	121125
2018.07.24 00:00	1.30984	1.316	1.30715	1.31433	129599
2018.07.25 00:00	1.31418	1.32007	1.31326	1.31904	135532
2018.07.26 00:00	1.31855	1.32132	1.31053	1.31092	123960
2018.07.27 00:00	1.31048	1.31311	1.3082	1.30945	104262
2018.07.30 00:00	1.30989	1.3152	1.30954	1.31305	110655
2018.07.31 00:00	1.313	1.31725	1.30896	1.31253	119083
2018.08.01 00:00	1.3116	1.31442	1.30951	1.31256	115138
2018.08.02 00:00	1.31147	1.31286	1.30138	1.30142	135536
2018.08.03 00:00	1.30135	1.30432	1.29753	1.30018	116233
2018.08.06 00:00	1.29949	1.30082	1.29199	1.29429	83484
2018.08.07 00:00	1.29426	1.29735	1.2924	1.29383	87256
2018.08.08 00:00	1.29367	1.296	1.28534	1.28824	104029
2018.08.09 00:00	1.28778	1.29116	1.28195	1.28235	104262
2018.08.10 00:00	1.28249	1.28368	1.27225	1.27692	199509
2018.08.13 00:00	1.27409	1.27912	1.27299	1.27679	175003
2018.08.14 00:00	1.2757	1.28277	1.27045	1.27169	158293
2018.08.15 00:00	1.27159	1.27355	1.26616	1.26965	159492
2018.08.16 00:00	1.26939	1.27543	1.26852	1.27108	162179
2018.08.17 00:00	1.2707	1.27527	1.26978	1.27487	143587
2018.08.20 00:00	1.27421	1.27992	1.27293	1.2795	110578
2018.08.21 00:00	1.27933	1.29246	1.27925	1.29021	140779
2018.08.22 00:00	1.2891	1.29362	1.28681	1.2913	140006
2018.08.23 00:00	1.29071	1.29181	1.28046	1.28144	134146
2018.08.24 00:00	1.28094	1.2881	1.27992	1.28466	127665
2018.08.27 00:00	1.28365	1.29009	1.28287	1.28934	108189
2018.08.28 00:00	1.28841	1.29318	1.28615	1.2869	127508
2018.08.29 00:00	1.28688	1.30324	1.28452	1.30266	152609
2018.08.30 00:00	1.30234	1.30431	1.29851	1.30104	145624
2018.08.31 00:00	1.30052	1.30286	1.29451	1.29562	162368
2018.09.03 00:00	1.29109	1.29335	1.28549	1.28698	108044
2018.09.04 00:00	1.2866	1.28756	1.28103	1.28529	132893
2018.09.05 00:00	1.28505	1.29827	1.27852	1.29054	154617
2018.09.06 00:00	1.29021	1.2962	1.28961	1.2926	151382
2018.09.07 00:00	1.29255	1.30283	1.2908	1.29155	164063
2018.09.10 00:00	1.29181	1.30517	1.28968	1.3026	122617
2018.09.11 00:00	1.30255	1.3087	1.29643	1.30299	136017
2018.09.12 00:00	1.30268	1.30805	1.29794	1.30455	129737
2018.09.13 00:00	1.30393	1.31233	1.30262	1.31078	138519
2018.09.14 00:00	1.31057	1.31431	1.30564	1.3069	122790
2018.09.17 00:00	1.30659	1.31649	1.30659	1.31577	125539
2018.09.18 00:00	1.31577	1.31718	1.31187	1.31471	151703
2018.09.19 00:00	1.31477	1.32149	1.30962	1.31449	145702
2018.09.20 00:00	1.31429	1.32983	1.31332	1.32689	171959
2018.09.21 00:00	1.32591	1.32765	1.30545	1.30819	174421
2018.09.24 00:00	1.30736	1.31671	1.30629	1.31169	142985
2018.09.25 00:00	1.31229	1.31936	1.30947	1.318	160549
2018.09.26 00:00	1.31762	1.32172	1.31381	1.31651	164785
2018.09.27 00:00	1.31642	1.31779	1.30734	1.30771	186266
2018.09.28 00:00	1.30725	1.309	1.30003	1.30291	167129
2018.10.01 00:00	1.30379	1.31155	1.30119	1.30381	161946
2018.10.02 00:00	1.30427	1.30484	1.29409	1.29783	187621
2018.10.03 00:00	1.29771	1.30231	1.29232	1.29409	221826
2018.10.04 00:00	1.29399	1.30413	1.29218	1.30213	204020
2018.10.05 00:00	1.30209	1.31225	1.30033	1.31148	201497
2018.10.08 00:00	1.31199	1.31332	1.30282	1.30927	179203
2018.10.09 00:00	1.30847	1.31499	1.30329	1.31432	214267
2018.10.10 00:00	1.31413	1.32155	1.3131	1.31907	198423
2018.10.11 00:00	1.31881	1.32469	1.31821	1.32345	275394
2018.10.12 00:00	1.32242	1.32578	1.31467	1.31527	231505
2018.10.15 00:00	1.30829	1.31818	1.30829	1.31513	205030
2018.10.16 00:00	1.31522	1.32365	1.31407	1.31854	208462
2018.10.17 00:00	1.31828	1.31924	1.30993	1.31153	195945
2018.10.18 00:00	1.31141	1.31313	1.30157	1.3017	184218
2018.10.19 00:00	1.30171	1.31042	1.30112	1.30655	183969
2018.10.22 00:00	1.30699	1.309	1.29563	1.29635	189935
2018.10.23 00:00	1.29601	1.30442	1.29371	1.29838	241828
2018.10.24 00:00	1.29821	1.29904	1.28671	1.28818	238937
2018.10.25 00:00	1.28788	1.29197	1.27971	1.28178	233588
2018.10.26 00:00	1.28148	1.28413	1.27769	1.28232	258456
2018.10.29 00:00	1.28204	1.2853	1.27917	1.27927	184350
2018.10.30 00:00	1.27917	1.28126	1.26957	1.27056	189265
2018.10.31 00:00	1.27	1.28307	1.2694	1.2767	174913
2018.11.01 00:00	1.27638	1.3035	1.27612	1.30019	217359
2018.11.02 00:00	1.29998	1.30406	1.29514	1.29637	187563
2018.11.05 00:00	1.30186	1.30556	1.29645	1.30417	145933
2018.11.06 00:00	1.30394	1.31069	1.30211	1.31013	184096
2018.11.07 00:00	1.30948	1.31748	1.30733	1.31271	223659
2018.11.08 00:00	1.31215	1.31498	1.30448	1.30604	211587
2018.11.09 00:00	1.30613	1.30701	1.29583	1.29736	209062
2018.11.12 00:00	1.29147	1.29466	1.28272	1.28499	206401
2018.11.13 00:00	1.28467	1.30473	1.28369	1.29695	233445
2018.11.14 00:00	1.29719	1.30714	1.28809	1.29908	273953
2018.11.15 00:00	1.29856	1.303	1.2723	1.27698	306914
2018.11.16 00:00	1.27659	1.28775	1.27599	1.28226	217275
2018.11.19 00:00	1.28438	1.28841	1.27937	1.28493	160045
2018.11.20 00:00	1.28446	1.2883	1.27765	1.27866	177838
2018.11.21 00:00	1.27837	1.28196	1.27642	1.27777	160687
2018.11.22 00:00	1.27722	1.29274	1.27678	1.28748	151156
2018.11.23 00:00	1.28753	1.28827	1.27979	1.2805	167064
2018.11.26 00:00	1.28224	1.2864	1.27951	1.28077	163522
2018.11.27 00:00	1.28078	1.28196	1.27253	1.27449	224992
2018.11.28 00:00	1.27398	1.28469	1.2732	1.28238	194803
2018.11.29 00:00	1.28243	1.28496	1.27553	1.27853	200639
2018.11.30 00:00	1.27836	1.28093	1.27349	1.27484	202357
2018.12.03 00:00	1.27446	1.28247	1.26987	1.27235	184176
2018.12.04 00:00	1.27228	1.28396	1.26581	1.27137	225934
2018.12.05 00:00	1.2711	1.2798	1.26717	1.2733	160688
2018.12.06 00:00	1.27318	1.28116	1.26992	1.2783	219562
2018.12.07 00:00	1.27782	1.27905	1.27105	1.27324	197456
2018.12.10 00:00	1.27038	1.27598	1.25066	1.25615	246334
2018.12.11 00:00	1.25562	1.26384	1.248	1.24875	216511
2018.12.12 00:00	1.24818	1.2671	1.24767	1.26254	272320
2018.12.13 00:00	1.2625	1.26867	1.2606	1.26546	183401
2018.12.14 00:00	1.26435	1.2663	1.25299	1.25851	194490
2018.12.17 00:00	1.25997	1.26468	1.25658	1.26129	205109
2018.12.18 00:00	1.26116	1.27057	1.26099	1.26401	192679
2018.12.19 00:00	1.26377	1.26791	1.26064	1.26103	232272
2018.12.20 00:00	1.26084	1.27071	1.26073	1.26583	244305
2018.12.21 00:00	1.26522	1.26978	1.26176	1.26364	250136
2018.12.24 00:00	1.26448	1.27386	1.26347	1.27044	180433
2018.12.26 00:00	1.26738	1.27189	1.26305	1.26329	122689
2018.12.27 00:00	1.2631	1.26748	1.26155	1.26442	303405
2018.12.28 00:00	1.26418	1.2708	1.26351	1.26967	157300
2018.12.31 00:00	1.26942	1.28148	1.26801	1.27564	148494
2019.01.02 00:00	1.27468	1.27728	1.25811	1.26099	205963
2019.01.03 00:00	1.2603	1.26474	1.24311	1.26357	229922
2019.01.04 00:00	1.26344	1.27445	1.26158	1.27253	210168
2019.01.07 00:00	1.27216	1.27868	1.2711	1.27789	149884
2019.01.08 00:00	1.27781	1.27974	1.27065	1.27119	147546
2019.01.09 00:00	1.27129	1.28036	1.27092	1.27878	203637
2019.01.10 00:00	1.27874	1.28011	1.27277	1.275	178223
2019.01.11 00:00	1.27472	1.28658	1.27098	1.28346	188838
2019.01.14 00:00	1.28504	1.29306	1.28181	1.28638	173504
2019.01.15 00:00	1.28658	1.29158	1.26683	1.28603	234516
2019.01.16 00:00	1.28573	1.28975	1.28249	1.28791	178226
2019.01.17 00:00	1.28792	1.30009	1.28325	1.29849	189032
2019.01.18 00:00	1.29843	1.29932	1.28567	1.28695	153779
2019.01.21 00:00	1.2876	1.29107	1.28306	1.28905	126099
2019.01.22 00:00	1.28901	1.29752	1.28552	1.29564	152141
2019.01.23 00:00	1.29562	1.30809	1.29422	1.30676	163566
2019.01.24 00:00	1.30679	1.30941	1.30121	1.30619	178455
2019.01.25 00:00	1.30615	1.32176	1.30583	1.31981	192750
2019.01.28 00:00	1.31836	1.32117	1.3137	1.31569	144209
2019.01.29 00:00	1.31516	1.31999	1.30558	1.30672	216931
2019.01.30 00:00	1.30657	1.31454	1.30545	1.31144	177293
2019.01.31 00:00	1.31148	1.31603	1.30976	1.31083	156752
2019.02.01 00:00	1.31016	1.31149	1.30433	1.30821	148180
2019.02.04 00:00	1.30684	1.31032	1.30288	1.30312	129870
2019.02.05 00:00	1.30391	1.30516	1.29249	1.29501	122147
2019.02.06 00:00	1.29384	1.29792	1.29247	1.2928	130881
2019.02.07 00:00	1.29292	1.29965	1.28543	1.29489	144304
2019.02.08 00:00	1.29472	1.2976	1.29212	1.29397	113431
2019.02.11 00:00	1.29306	1.2939	1.2845	1.28598	133446
2019.02.12 00:00	1.28571	1.29095	1.28325	1.28919	125821
2019.02.13 00:00	1.28912	1.29588	1.2845	1.28455	139923
2019.02.14 00:00	1.28434	1.28777	1.2773	1.27994	130936
2019.02.15 00:00	1.27988	1.28983	1.27848	1.28879	132931
2019.02.18 00:00	1.29042	1.29385	1.28915	1.29211	132721
2019.02.19 00:00	1.2918	1.30728	1.28957	1.30652	129485
2019.02.20 00:00	1.30594	1.3109	1.30119	1.30496	143165
2019.02.21 00:00	1.305	1.30946	1.30261	1.30376	156696
2019.02.22 00:00	1.30336	1.30799	1.29682	1.30534	140756
2019.02.25 00:00	1.30701	1.31143	1.30488	1.30953	143790
2019.02.26 00:00	1.31116	1.3288	1.31097	1.32505	191124
2019.02.27 00:00	1.32509	1.33501	1.32331	1.33088	185076
2019.02.28 00:00	1.33059	1.33192	1.32534	1.32622	153765
2019.03.01 00:00	1.32617	1.32864	1.3172	1.32016	153336
2019.03.04 00:00	1.32433	1.32543	1.31666	1.31797	120067
2019.03.05 00:00	1.31758	1.31985	1.30979	1.31784	124410
2019.03.06 00:00	1.31736	1.31813	1.3124	1.31692	114274
2019.03.07 00:00	1.31692	1.31849	1.30683	1.30821	122941
2019.03.08 00:00	1.30828	1.31082	1.29899	1.30157	128686
2019.03.11 00:00	1.29673	1.31704	1.29601	1.31505	134732
2019.03.12 00:00	1.31484	1.3288	1.3005	1.30711	162972
2019.03.13 00:00	1.30746	1.33806	1.30597	1.33374	131125
2019.03.14 00:00	1.33346	1.33377	1.32076	1.32416	145261
2019.03.15 00:00	1.32396	1.32998	1.32028	1.32896	123621
2019.03.18 00:00	1.32953	1.33002	1.3184	1.32529	108981
2019.03.19 00:00	1.32529	1.3311	1.32408	1.32639	109310
2019.03.20 00:00	1.3268	1.32725	1.31463	1.31927	135944
2019.03.21 00:00	1.31897	1.32271	1.30041	1.31046	143340
2019.03.22 00:00	1.3106	1.32238	1.30813	1.32091	146814
2019.03.25 00:00	1.3215	1.3246	1.31597	1.31977	128942
2019.03.26 00:00	1.31856	1.32613	1.31573	1.32049	131594
2019.03.27 00:00	1.32005	1.32693	1.31661	1.31877	149084
2019.03.28 00:00	1.3186	1.32115	1.30344	1.30417	144840
2019.03.29 00:00	1.30422	1.31358	1.29777	1.30294	133057
2019.04.01 00:00	1.30388	1.31497	1.30095	1.31036	124094
2019.04.02 00:00	1.30902	1.31499	1.30135	1.31337	139724
2019.04.03 00:00	1.31311	1.31961	1.31211	1.31558	124894
2019.04.04 00:00	1.31536	1.31911	1.30602	1.30741	126495
2019.04.05 00:00	1.30733	1.31219	1.29869	1.30347	108720
2019.04.08 00:00	1.30346	1.30743	1.30333	1.30596	94666
2019.04.09 00:00	1.30566	1.3121	1.30304	1.30516	105726
2019.04.10 00:00	1.30402	1.31199	1.30355	1.30824	107926
2019.04.11 00:00	1.30805	1.31088	1.30503	1.30515	93227
2019.04.12 00:00	1.30525	1.31326	1.30504	1.307	93152
2019.04.15 00:00	1.30719	1.31189	1.30669	1.30989	88925
2019.04.16 00:00	1.30864	1.31014	1.30427	1.30487	105486
2019.04.17 00:00	1.30482	1.30673	1.30286	1.30364	100033
2019.04.18 00:00	1.30323	1.30524	1.29789	1.29832	125659
2019.04.19 00:00	1.29831	1.30088	1.29793	1.29823	158245
2019.04.22 00:00	1.29847	1.29991	1.29753	1.29779	51285
2019.04.23 00:00	1.29811	1.30193	1.2928	1.29371	103361
2019.04.24 00:00	1.29369	1.29635	1.28877	1.28977	113797
2019.04.25 00:00	1.2905	1.29165	1.28657	1.28967	111889
2019.04.26 00:00	1.28919	1.29434	1.28728	1.29139	111640
2019.04.29 00:00	1.29077	1.29468	1.29049	1.2929	84944
2019.04.30 00:00	1.29316	1.30487	1.29211	1.30319	108684
2019.05.01 00:00	1.30283	1.31022	1.3027	1.30504	92802
2019.05.02 00:00	1.30491	1.30805	1.30181	1.30326	104819
2019.05.03 00:00	1.30273	1.31767	1.29868	1.31741	109824
2019.05.06 00:00	1.31407	1.31706	1.30812	1.30957	106332
2019.05.07 00:00	1.30953	1.31312	1.30396	1.3071	109062
2019.05.08 00:00	1.3071	1.30802	1.29869	1.30061	118655
2019.05.09 00:00	1.30038	1.30359	1.29672	1.30053	112306
2019.05.10 00:00	1.30099	1.30474	1.29911	1.30022	110639
2019.05.13 00:00	1.29919	1.30405	1.29412	1.29578	98193
2019.05.14 00:00	1.29546	1.29701	1.29037	1.2904	95083
2019.05.15 00:00	1.29051	1.29231	1.28262	1.28422	102220
2019.05.16 00:00	1.28414	1.28517	1.27875	1.27965	88343
2019.05.17 00:00	1.27919	1.27979	1.27131	1.27134	99814
2019.05.20 00:00	1.27317	1.27572	1.27146	1.27217	76753
2019.05.21 00:00	1.27209	1.28139	1.26852	1.27059	108865
2019.05.22 00:00	1.27046	1.27193	1.26242	1.26617	102136
2019.05.23 00:00	1.26513	1.26837	1.2605	1.2657	110614
2019.05.24 00:00	1.26522	1.27329	1.26473	1.27118	107953
2019.05.27 00:00	1.27256	1.27478	1.2667	1.26788	92652
2019.05.28 00:00	1.26774	1.27019	1.26504	1.26516	113649
2019.05.29 00:00	1.26532	1.26712	1.26116	1.26253	102562
2019.05.30 00:00	1.26196	1.26403	1.25805	1.26053	86047
2019.05.31 00:00	1.26089	1.26445	1.25588	1.26311	110964
2019.06.03 00:00	1.26266	1.2674	1.26103	1.26631	109911
2019.06.04 00:00	1.26637	1.27144	1.26421	1.26991	123012
2019.06.05 00:00	1.2695	1.27437	1.26804	1.26812	122355
2019.06.06 00:00	1.26834	1.27419	1.26688	1.26913	126518
2019.06.07 00:00	1.26859	1.27629	1.26859	1.27383	116232
2019.06.10 00:00	1.27263	1.27358	1.26529	1.26858	110651
2019.06.11 00:00	1.26847	1.27322	1.26702	1.27225	129337
2019.06.12 00:00	1.2718	1.27586	1.26814	1.26886	130403
2019.06.13 00:00	1.26845	1.27078	1.2662	1.2673	113924
2019.06.14 00:00	1.2673	1.26818	1.258	1.25894	121960
2019.06.17 00:00	1.25797	1.26057	1.25321	1.2533	87454
2019.06.18 00:00	1.2533	1.25647	1.25061	1.25573	120934
2019.06.19 00:00	1.25565	1.26738	1.25426	1.26427	118457
2019.06.20 00:00	1.26408	1.27269	1.26259	1.26992	142217
2019.06.21 00:00	1.27035	1.27465	1.26424	1.27456	134920
2019.06.24 00:00	1.27328	1.27666	1.27081	1.27388	102895
2019.06.25 00:00	1.27357	1.27837	1.2672	1.26855	116569
2019.06.26 00:00	1.2686	1.27073	1.26627	1.2687	135524
2019.06.27 00:00	1.2683	1.27247	1.26616	1.26707	125400
2019.06.28 00:00	1.26605	1.27346	1.26596	1.26957	114398
2019.07.01 00:00	1.2695	1.27055	1.26319	1.26377	114717
2019.07.02 00:00	1.2637	1.26478	1.25839	1.25933	106793
2019.07.03 00:00	1.25908	1.26001	1.25569	1.25678	93744
2019.07.04 00:00	1.25627	1.25912	1.25612	1.2576	69695
2019.07.05 00:00	1.25762	1.25875	1.24811	1.25187	93268
2019.07.08 00:00	1.25254	1.25397	1.24998	1.25163	76112
2019.07.09 00:00	1.25158	1.25218	1.24395	1.24596	85388
2019.07.10 00:00	1.24586	1.2521	1.24437	1.25045	110166
2019.07.11 00:00	1.24972	1.25713	1.24972	1.25249	109190
2019.07.12 00:00	1.25234	1.25793	1.25181	1.2577	107631
2019.07.15 00:00	1.2543	1.25777	1.25102	1.25149	78422
2019.07.16 00:00	1.25124	1.25202	1.23963	1.24056	99114
2019.07.17 00:00	1.24065	1.24563	1.23819	1.24328	93801
2019.07.18 00:00	1.24302	1.25584	1.24242	1.25455	104243
2019.07.19 00:00	1.25445	1.25562	1.24757	1.25011	90094
2019.07.22 00:00	1.24771	1.25171	1.24554	1.2474	77480
2019.07.23 00:00	1.24675	1.24816	1.24177	1.244	95847
2019.07.24 00:00	1.24377	1.25223	1.24263	1.2484	88996
2019.07.25 00:00	1.24827	1.25177	1.24368	1.24517	106269
2019.07.26 00:00	1.24445	1.24596	1.23761	1.23832	80194
2019.07.29 00:00	1.23747	1.23835	1.22123	1.22168	85559
2019.07.30 00:00	1.22145	1.22257	1.21181	1.21504	112833
2019.07.31 00:00	1.21476	1.22496	1.21338	1.21598	124191
2019.08.01 00:00	1.21511	1.21711	1.20794	1.21307	145389
2019.08.02 00:00	1.21196	1.21694	1.20902	1.21572	149558
2019.08.05 00:00	1.21367	1.21882	1.21015	1.21412	143736
2019.08.06 00:00	1.21372	1.22093	1.21354	1.21678	143298
2019.08.07 00:00	1.21677	1.21907	1.2121	1.21428	143099
2019.08.08 00:00	1.21411	1.21827	1.20948	1.21326	112006
2019.08.09 00:00	1.2127	1.21519	1.20237	1.20252	104527
2019.08.12 00:00	1.20467	1.21065	1.20144	1.20751	134515
2019.08.13 00:00	1.20752	1.20979	1.20417	1.20592	147952
2019.08.14 00:00	1.2059	1.21006	1.20445	1.20567	165024
2019.08.15 00:00	1.20555	1.21508	1.20506	1.2082	194209
2019.08.16 00:00	1.2082	1.21755	1.20746	1.21412	153085
2019.08.19 00:00	1.21517	1.21727	1.21046	1.2126	125181
2019.08.20 00:00	1.21239	1.21792	1.20642	1.21687	173530
2019.08.21 00:00	1.21676	1.2175	1.2112	1.21223	145424
2019.08.22 00:00	1.21228	1.22729	1.21084	1.22514	196288
2019.08.23 00:00	1.22493	1.22935	1.21943	1.22829	184358
2019.08.26 00:00	1.22643	1.22856	1.22077	1.22145	197280
2019.08.27 00:00	1.22168	1.23097	1.22089	1.22876	148270
2019.08.28 00:00	1.22853	1.22899	1.21554	1.22055	200321
2019.08.29 00:00	1.2208	1.22324	1.21722	1.21774	152689
2019.08.30 00:00	1.21744	1.22264	1.21393	1.21631	165864
2019.09.02 00:00	1.21502	1.21747	1.20358	1.20634	183156
2019.09.03 00:00	1.20614	1.21054	1.19584	1.20795	213381
2019.09.04 00:00	1.20719	1.22599	1.20459	1.22502	213076
2019.09.05 00:00	1.22489	1.23538	1.221	1.23304	207303
2019.09.06 00:00	1.23265	1.23436	1.22788	1.2285	155551
2019.09.09 00:00	1.22729	1.23852	1.22333	1.23423	153568
2019.09.10 00:00	1.23432	1.238	1.23067	1.23449	142948
2019.09.11 00:00	1.23452	1.23708	1.23127	1.2326	142324
2019.09.12 00:00	1.23205	1.23664	1.2283	1.23312	175263
2019.09.13 00:00	1.2333	1.25059	1.23252	1.24944	161191
2019.09.16 00:00	1.24746	1.25032	1.23992	1.24247	148135
2019.09.17 00:00	1.24233	1.25269	1.23922	1.24967	133362
2019.09.18 00:00	1.2496	1.25119	1.24387	1.24691	138915
2019.09.19 00:00	1.24679	1.256	1.24379	1.25202	157444
2019.09.20 00:00	1.25197	1.25818	1.24593	1.24674	161885
2019.09.23 00:00	1.24644	1.24907	1.24126	1.24285	111011
2019.09.24 00:00	1.24285	1.25031	1.24142	1.24905	121762
2019.09.25 00:00	1.24907	1.24982	1.23449	1.23451	120996
2019.09.26 00:00	1.23448	1.23804	1.23025	1.2319	111532
2019.09.27 00:00	1.23254	1.23364	1.22706	1.22885	100347
2019.09.30 00:00	1.22934	1.23463	1.22755	1.22902	126555
2019.10.01 00:00	1.22907	1.23396	1.22047	1.23014	213797
2019.10.02 00:00	1.22997	1.23242	1.22265	1.22989	164001
2019.10.03 00:00	1.22997	1.24131	1.22656	1.23269	199021
2019.10.04 00:00	1.23259	1.23568	1.2276	1.23329	139066
2019.10.07 00:00	1.23111	1.23366	1.22871	1.22884	110159
2019.10.08 00:00	1.22884	1.23024	1.21952	1.22156	170291
2019.10.09 00:00	1.22158	1.22917	1.21977	1.22048	145719
2019.10.10 00:00	1.22058	1.24694	1.22019	1.2438	265797
2019.10.11 00:00	1.24334	1.27069	1.2406	1.26475	317602
2019.10.14 00:00	1.26242	1.26498	1.25156	1.26048	240454
2019.10.15 00:00	1.26021	1.28002	1.25969	1.27801	359980
2019.10.16 00:00	1.27785	1.28778	1.26556	1.28271	385450
2019.10.17 00:00	1.28249	1.29895	1.27489	1.28894	391548
2019.10.18 00:00	1.28894	1.29742	1.28391	1.29721	262402
2019.10.21 00:00	1.29505	1.30125	1.28738	1.29575	258764
2019.10.22 00:00	1.29573	1.30008	1.28617	1.28683	296794
2019.10.23 00:00	1.28631	1.29216	1.28418	1.29113	213736
2019.10.24 00:00	1.29115	1.295	1.27883	1.28483	207732
2019.10.25 00:00	1.2855	1.2863	1.28042	1.28304	138824
2019.10.28 00:00	1.28102	1.28762	1.28102	1.28551	137118
2019.10.29 00:00	1.2852	1.29048	1.28063	1.28657	160891
2019.10.30 00:00	1.28638	1.29076	1.2845	1.2897	165709
2019.10.31 00:00	1.28973	1.29757	1.28921	1.294	183128
2019.11.01 00:00	1.29363	1.29727	1.29247	1.29357	149077
2019.11.04 00:00	1.29298	1.29426	1.28761	1.28816	113738
2019.11.05 00:00	1.2883	1.29175	1.2859	1.28816	154151
2019.11.06 00:00	1.28849	1.28973	1.28442	1.28547	103001
2019.11.07 00:00	1.28541	1.2878	1.27941	1.28146	159692
2019.11.08 00:00	1.28145	1.28228	1.27687	1.27784	114462
2019.11.11 00:00	1.27939	1.28981	1.2784	1.28504	121878
2019.11.12 00:00	1.28519	1.2874	1.28156	1.28453	146297
2019.11.13 00:00	1.28458	1.28627	1.28217	1.28483	132296
2019.11.14 00:00	1.28486	1.28882	1.28249	1.28817	122968
2019.11.15 00:00	1.28809	1.29191	1.28674	1.28993	109616
2019.11.18 00:00	1.29215	1.29856	1.29084	1.29521	135059
2019.11.19 00:00	1.29526	1.29699	1.29104	1.29256	121975
2019.11.20 00:00	1.29255	1.29304	1.28869	1.29229	137199
2019.11.21 00:00	1.29235	1.29699	1.28931	1.29057	136985
2019.11.22 00:00	1.2904	1.29285	1.28221	1.28286	150095
2019.11.25 00:00	1.28548	1.29121	1.28408	1.2901	124457
2019.11.26 00:00	1.28985	1.29036	1.28353	1.28651	129530
2019.11.27 00:00	1.28612	1.29228	1.28273	1.29228	157595
2019.11.28 00:00	1.29215	1.29509	1.2899	1.29098	157170
2019.11.29 00:00	1.2911	1.2942	1.28791	1.29313	140214
2019.12.02 00:00	1.2911	1.29493	1.28962	1.29408	119798
2019.12.03 00:00	1.29411	1.30116	1.29304	1.29913	137081
2019.12.04 00:00	1.2992	1.31206	1.29826	1.31036	173202
2019.12.05 00:00	1.31037	1.31661	1.3101	1.31567	126157
2019.12.06 00:00	1.31562	1.31656	1.31004	1.31352	130478
2019.12.09 00:00	1.31338	1.31807	1.31325	1.31412	114566
2019.12.10 00:00	1.31386	1.32152	1.31325	1.3154	126642
2019.12.11 00:00	1.3156	1.32137	1.31067	1.31953	157033
2019.12.12 00:00	1.31933	1.32298	1.30499	1.31645	248105
2019.12.13 00:00	1.31588	1.3515	1.31588	1.33323	360983
2019.12.16 00:00	1.33334	1.34221	1.33211	1.33295	167288
2019.12.17 00:00	1.33311	1.33353	1.30991	1.31288	225539
2019.12.18 00:00	1.31299	1.31344	1.30601	1.3078	208856
2019.12.19 00:00	1.30775	1.31336	1.299	1.30078	206207
2019.12.20 00:00	1.30085	1.30793	1.29779	1.29966	138071
2019.12.23 00:00	1.30016	1.3032	1.29044	1.29354	154307
2019.12.24 00:00	1.29347	1.29707	1.29093	1.2941	153541
2019.12.26 00:00	1.29531	1.30161	1.29531	1.29923	76823
2019.12.27 00:00	1.29896	1.31175	1.29681	1.30849	165428
2019.12.30 00:00	1.3087	1.31503	1.30607	1.31114	146538
2019.12.31 00:00	1.31107	1.32846	1.31054	1.32554	160387
2020.01.02 00:00	1.3248	1.32666	1.31153	1.31372	180087
2020.01.03 00:00	1.31318	1.31602	1.30534	1.30771	174346
2020.01.06 00:00	1.30848	1.31746	1.30636	1.3166	137864
2020.01.07 00:00	1.31676	1.32124	1.30951	1.31192	141388
2020.01.08 00:00	1.31151	1.31698	1.30803	1.3093	163781
2020.01.09 00:00	1.30939	1.31239	1.3013	1.30661	135884
2020.01.10 00:00	1.30657	1.30969	1.30429	1.30575	126528
2020.01.13 00:00	1.30347	1.30451	1.29612	1.29887	122300
2020.01.14 00:00	1.29885	1.30332	1.29543	1.30189	149889
2020.01.15 00:00	1.30195	1.30424	1.29848	1.30376	126203
2020.01.16 00:00	1.30377	1.30832	1.30255	1.30776	130239
2020.01.17 00:00	1.30773	1.31188	1.30055	1.30061	128101
2020.01.20 00:00	1.29905	1.30145	1.29621	1.30073	85886
2020.01.21 00:00	1.30077	1.30834	1.29954	1.3046	119583
2020.01.22 00:00	1.30432	1.3153	1.30348	1.31394	130385
2020.01.23 00:00	1.31389	1.3151	1.3097	1.31236	110914
2020.01.24 00:00	1.31235	1.31736	1.30568	1.30703	121756
2020.01.27 00:00	1.30789	1.3105	1.30399	1.30559	103615
2020.01.28 00:00	1.30559	1.30651	1.29752	1.30273	99314
2020.01.29 00:00	1.30273	1.30288	1.29895	1.30179	87011
2020.01.30 00:00	1.30192	1.31102	1.29776	1.30884	122452
2020.01.31 00:00	1.30908	1.32095	1.30772	1.32051	120539
2020.02.03 00:00	1.31769	1.31839	1.29829	1.2993	121559
2020.02.04 00:00	1.2989	1.30466	1.29411	1.30295	139861
2020.02.05 00:00	1.30326	1.307	1.29563	1.3	141095
2020.02.06 00:00	1.30002	1.30015	1.29211	1.29288	120715
2020.02.07 00:00	1.29277	1.29592	1.28819	1.2885	140107
2020.02.10 00:00	1.2893	1.29462	1.28721	1.29143	131380
2020.02.11 00:00	1.29144	1.29682	1.28944	1.29522	133755
2020.02.12 00:00	1.29468	1.29914	1.29468	1.2958	124618
2020.02.13 00:00	1.29586	1.30693	1.29442	1.30396	153965
2020.02.14 00:00	1.30406	1.30634	1.30012	1.30466	110485
2020.02.17 00:00	1.30354	1.3054	1.29982	1.30043	84744
2020.02.18 00:00	1.30034	1.30487	1.29709	1.29962	121781
2020.02.19 00:00	1.29961	1.30236	1.29074	1.29182	124863
2020.02.20 00:00	1.29146	1.29285	1.28493	1.28807	136292
2020.02.21 00:00	1.28804	1.29809	1.28758	1.29559	144518
2020.02.24 00:00	1.2945	1.29548	1.28868	1.29245	144513
2020.02.25 00:00	1.29285	1.3018	1.29128	1.30045	157833
2020.02.26 00:00	1.30043	1.3008	1.28949	1.28985	157535
2020.02.27 00:00	1.2892	1.29463	1.28601	1.2884	188515
2020.02.28 00:00	1.28796	1.29197	1.27258	1.28165	249663
2020.03.02 00:00	1.28271	1.28507	1.27398	1.27526	228013
2020.03.03 00:00	1.27523	1.2844	1.27415	1.28115	236132
2020.03.04 00:00	1.28115	1.28725	1.27702	1.28714	173821
2020.03.05 00:00	1.28698	1.29684	1.28608	1.29535	151622
2020.03.06 00:00	1.2947	1.30527	1.29447	1.30471	253322
2020.03.09 00:00	1.3093	1.32004	1.30344	1.311	442449
2020.03.10 00:00	1.31269	1.31279	1.28815	1.29066	350311
2020.03.11 00:00	1.29124	1.29767	1.28045	1.28159	258927
2020.03.12 00:00	1.28173	1.28491	1.24908	1.25654	395636
2020.03.13 00:00	1.25607	1.26243	1.22606	1.22793	461407
2020.03.16 00:00	1.24053	1.24208	1.22021	1.227	498585
2020.03.17 00:00	1.22699	1.22735	1.20016	1.20525	554780
2020.03.18 00:00	1.20528	1.21296	1.14509	1.15901	486586
2020.03.19 00:00	1.1574	1.1793	1.14617	1.14839	542955
2020.03.20 00:00	1.14856	1.1934	1.14102	1.16575	529568
2020.03.23 00:00	1.167	1.17144	1.14463	1.15361	513503
2020.03.24 00:00	1.15356	1.17995	1.14731	1.17481	463844
2020.03.25 00:00	1.17482	1.19734	1.16392	1.18634	418843
2020.03.26 00:00	1.1863	1.22297	1.17768	1.22015	492398
2020.03.27 00:00	1.22017	1.24856	1.21314	1.2455	573659
2020.03.30 00:00	1.23932	1.24413	1.23176	1.24101	320224
2020.03.31 00:00	1.24033	1.24728	1.22453	1.24004	429666
2020.04.01 00:00	1.24068	1.24441	1.23303	1.23727	305440
2020.04.02 00:00	1.23736	1.24756	1.23483	1.23955	312342
2020.04.03 00:00	1.23975	1.24043	1.22048	1.2269	274213
2020.04.06 00:00	1.22221	1.23269	1.22097	1.22312	245542
2020.04.07 00:00	1.22304	1.23844	1.21645	1.23314	277369
2020.04.08 00:00	1.23314	1.24199	1.22881	1.23764	217432
2020.04.09 00:00	1.23755	1.24838	1.23607	1.24502	244181
2020.04.10 00:00	1.24513	1.24862	1.24359	1.24434	69408
2020.04.13 00:00	1.2455	1.25369	1.24382	1.25035	129068
2020.04.14 00:00	1.25017	1.26474	1.24964	1.26202	197571
2020.04.15 00:00	1.26165	1.2631	1.24366	1.25091	192356
2020.04.16 00:00	1.25149	1.25272	1.24082	1.24565	209737
2020.04.17 00:00	1.24551	1.25231	1.2407	1.2494	173861
2020.04.20 00:00	1.2493	1.24994	1.24164	1.24315	135137
2020.04.21 00:00	1.2446	1.2446	1.22472	1.22849	162288
2020.04.22 00:00	1.22837	1.2386	1.22748	1.23327	127627
2020.04.23 00:00	1.23309	1.24149	1.2308	1.23442	155890
2020.04.24 00:00	1.23407	1.23772	1.22984	1.23644	131564
2020.04.27 00:00	1.23609	1.24548	1.23599	1.24275	108000
2020.04.28 00:00	1.24279	1.25183	1.24038	1.2421	122070
2020.04.29 00:00	1.24387	1.24856	1.23891	1.24668	127895
2020.04.30 00:00	1.24657	1.26427	1.24293	1.25894	172199
2020.05.01 00:00	1.25833	1.2601	1.2483	1.24947	134700
2020.05.04 00:00	1.24825	1.24865	1.24054	1.24429	136442
2020.05.05 00:00	1.24403	1.24838	1.24204	1.24324	143052
2020.05.06 00:00	1.24314	1.24501	1.23353	1.23384	130455
2020.05.07 00:00	1.23385	1.24177	1.22661	1.23602	158204
2020.05.08 00:00	1.23492	1.24672	1.23492	1.24059	108792
2020.05.11 00:00	1.2405	1.24374	1.22828	1.23311	149106
2020.05.12 00:00	1.2327	1.23768	1.22552	1.22577	161319
2020.05.13 00:00	1.22563	1.23399	1.22102	1.22276	178777
2020.05.14 00:00	1.22237	1.22418	1.21659	1.22232	160926
2020.05.15 00:00	1.22217	1.22354	1.2101	1.2102	151254
2020.05.18 00:00	1.20874	1.22275	1.20831	1.21944	140646
2020.05.19 00:00	1.21932	1.22961	1.21843	1.22512	149709
2020.05.20 00:00	1.22511	1.22877	1.22215	1.22336	130616
2020.05.21 00:00	1.2241	1.22498	1.21857	1.222	116172
2020.05.22 00:00	1.2215	1.22336	1.21616	1.21655	104608
2020.05.25 00:00	1.21736	1.22036	1.2164	1.21819	81345
2020.05.26 00:00	1.2182	1.2363	1.21805	1.23285	120791
2020.05.27 00:00	1.2329	1.23543	1.22044	1.22598	160517
2020.05.28 00:00	1.22582	1.23446	1.22339	1.23166	147204
2020.05.29 00:00	1.23154	1.2394	1.22906	1.23455	207472
2020.06.01 00:00	1.23237	1.25068	1.23237	1.24882	154722
2020.06.02 00:00	1.24861	1.25759	1.24784	1.25503	164390
2020.06.03 00:00	1.25483	1.26154	1.25444	1.25735	166950
2020.06.04 00:00	1.25689	1.26332	1.25007	1.25969	175344
2020.06.05 00:00	1.2595	1.27313	1.2583	1.26676	203995
2020.06.08 00:00	1.26792	1.27358	1.26282	1.27221	135146
2020.06.09 00:00	1.27228	1.27558	1.26183	1.27279	154123
2020.06.10 00:00	1.27283	1.2813	1.27064	1.27465	199930
2020.06.11 00:00	1.27437	1.27544	1.25863	1.26018	251771
2020.06.12 00:00	1.25996	1.26535	1.24737	1.25414	260078
2020.06.15 00:00	1.251	1.26071	1.24543	1.26046	235651
2020.06.16 00:00	1.2603	1.26877	1.25525	1.25709	246504
2020.06.17 00:00	1.25712	1.25888	1.25108	1.25554	197625
2020.06.18 00:00	1.25369	1.25672	1.24018	1.24243	193439
2020.06.19 00:00	1.24113	1.24562	1.23441	1.23503	158583
2020.06.22 00:00	1.23409	1.24771	1.23353	1.24682	140280
2020.06.23 00:00	1.24569	1.25319	1.24321	1.25207	188236
2020.06.24 00:00	1.25094	1.25426	1.24145	1.24174	184709
2020.06.25 00:00	1.24155	1.24645	1.23891	1.2418	154611
2020.06.26 00:00	1.24218	1.24369	1.23145	1.23364	118431
2020.06.29 00:00	1.23355	1.23895	1.22516	1.22981	116418
2020.06.30 00:00	1.22995	1.24018	1.22578	1.24004	124785
2020.07.01 00:00	1.23977	1.24904	1.23593	1.24749	119812
2020.07.02 00:00	1.24646	1.25301	1.24561	1.24674	115203
2020.07.03 00:00	1.2464	1.24866	1.24379	1.24827	123910
2020.07.06 00:00	1.2462	1.25201	1.2462	1.24919	104239
2020.07.07 00:00	1.24875	1.25923	1.24627	1.25405	118442
2020.07.08 00:00	1.25428	1.26231	1.25087	1.26097	121760
2020.07.09 00:00	1.25937	1.26697	1.25888	1.26065	133060
2020.07.10 00:00	1.26059	1.26639	1.25668	1.26229	99363
2020.07.13 00:00	1.2628	1.26662	1.25504	1.25542	104510
2020.07.14 00:00	1.25536	1.25637	1.248	1.25534	127748
2020.07.15 00:00	1.25411	1.26496	1.25411	1.25875	112548
2020.07.16 00:00	1.25741	1.26246	1.25199	1.25529	105296
2020.07.17 00:00	1.25417	1.25746	1.25118	1.25668	68482
2020.07.20 00:00	1.25504	1.26654	1.25181	1.26627	85958
2020.07.21 00:00	1.26532	1.27678	1.26503	1.27314	97677
2020.07.22 00:00	1.27275	1.27436	1.26441	1.27337	119162
2020.07.23 00:00	1.27186	1.27601	1.26734	1.27406	140477
2020.07.24 00:00	1.2728	1.28035	1.27173	1.2795	117997
2020.07.27 00:00	1.27924	1.29022	1.27856	1.28823	117484
2020.07.28 00:00	1.28827	1.29528	1.28382	1.29317	130559
2020.07.29 00:00	1.29262	1.30128	1.29121	1.29963	144888
2020.07.30 00:00	1.2987	1.31027	1.29445	1.30952	160803
2020.07.31 00:00	1.3092	1.31702	1.30703	1.30848	199363
2020.08.03 00:00	1.30757	1.31126	1.30048	1.30747	172567
2020.08.04 00:00	1.30753	1.3108	1.29813	1.3072	134261
2020.08.05 00:00	1.30574	1.31615	1.30565	1.31143	135384
2020.08.06 00:00	1.31153	1.31857	1.31114	1.31419	176372
2020.08.07 00:00	1.31468	1.31508	1.30095	1.30528	160003
2020.08.10 00:00	1.30537	1.31034	1.30191	1.30726	106501
2020.08.11 00:00	1.30638	1.31321	1.30416	1.30475	145977
2020.08.12 00:00	1.30499	1.30676	1.30054	1.30315	158579
2020.08.13 00:00	1.30306	1.31243	1.30253	1.30668	123034
2020.08.14 00:00	1.30496	1.31428	1.30492	1.30854	112757
2020.08.17 00:00	1.30908	1.31213	1.3074	1.31031	97397
2020.08.18 00:00	1.30962	1.32497	1.30924	1.32391	124806
2020.08.19 00:00	1.32334	1.32672	1.30932	1.30932	174582
2020.08.20 00:00	1.3092	1.32247	1.30647	1.32139	197282
2020.08.21 00:00	1.32123	1.3255	1.3059	1.30896	204393
2020.08.24 00:00	1.30993	1.3149	1.30537	1.30634	133809
2020.08.25 00:00	1.30589	1.31706	1.30559	1.31511	161300
2020.08.26 00:00	1.31445	1.3219	1.31173	1.32092	144500
2020.08.27 00:00	1.32018	1.32843	1.31613	1.31989	230561
2020.08.28 00:00	1.31945	1.33566	1.31865	1.33508	209864
2020.08.31 00:00	1.3332	1.33957	1.33014	1.33688	166239
2020.09.01 00:00	1.33674	1.34825	1.33563	1.33835	222213
2020.09.02 00:00	1.33807	1.34025	1.32835	1.33508	194285
2020.09.03 00:00	1.33413	1.33588	1.32425	1.32803	229163
2020.09.04 00:00	1.32686	1.3319	1.31758	1.32821	202784
2020.09.07 00:00	1.32446	1.327	1.31402	1.31577	132102
2020.09.08 00:00	1.31615	1.31717	1.29802	1.29809	191975
2020.09.09 00:00	1.29825	1.30232	1.28851	1.30017	183833
2020.09.10 00:00	1.29878	1.30354	1.2773	1.28046	218449
2020.09.11 00:00	1.27941	1.28658	1.27625	1.27964	180512
2020.09.14 00:00	1.2777	1.29193	1.27696	1.28464	160141
2020.09.15 00:00	1.28426	1.29264	1.28151	1.2889	162357
2020.09.16 00:00	1.28878	1.30072	1.28751	1.29672	204328
2020.09.17 00:00	1.29657	1.29993	1.28648	1.29729	243549
2020.09.18 00:00	1.29651	1.29998	1.29143	1.29174	177738
2020.09.21 00:00	1.29218	1.29665	1.27756	1.28162	215706
2020.09.22 00:00	1.28079	1.28673	1.27106	1.27298	217358
2020.09.23 00:00	1.27275	1.27772	1.26751	1.27225	203375
2020.09.24 00:00	1.27137	1.27805	1.26904	1.27421	216959
2020.09.25 00:00	1.27483	1.28053	1.26874	1.27432	161425
2020.09.28 00:00	1.27557	1.29299	1.27492	1.28301	156775
2020.09.29 00:00	1.28295	1.29031	1.28228	1.28586	169793
2020.09.30 00:00	1.28594	1.29426	1.28057	1.29144	218686
2020.10.01 00:00	1.29145	1.29789	1.28195	1.28845	243149
2020.10.02 00:00	1.28893	1.29541	1.28369	1.29367	240763
2020.10.05 00:00	1.29246	1.29911	1.28998	1.29748	140041
2020.10.06 00:00	1.29718	1.30071	1.28666	1.28688	194602
2020.10.07 00:00	1.28883	1.29296	1.28451	1.29131	178709
2020.10.08 00:00	1.29131	1.29704	1.28914	1.29328	146536
2020.10.09 00:00	1.29323	1.30494	1.29154	1.30462	138744
2020.10.12 00:00	1.30229	1.30826	1.30054	1.3063	114593
2020.10.13 00:00	1.3064	1.30689	1.29219	1.29357	167693
2020.10.14 00:00	1.29332	1.30644	1.28631	1.30119	159415
2020.10.15 00:00	1.30072	1.30297	1.28904	1.29067	176849
2020.10.16 00:00	1.29115	1.29623	1.28618	1.29102	177491
2020.10.19 00:00	1.29005	1.30245	1.29003	1.29404	158365
2020.10.20 00:00	1.29432	1.29797	1.29112	1.29461	142845
2020.10.21 00:00	1.2938	1.31769	1.29329	1.31434	176170
2020.10.22 00:00	1.31386	1.31518	1.30705	1.30755	151345
2020.10.23 00:00	1.30859	1.31226	1.30189	1.30429	138213
2020.10.26 00:00	1.30559	1.30752	1.29927	1.30226	153043
2020.10.27 00:00	1.30184	1.30797	1.30009	1.30454	127752
2020.10.28 00:00	1.30415	1.30636	1.29167	1.29829	184837
2020.10.29 00:00	1.29804	1.30257	1.28808	1.29239	191700
2020.10.30 00:00	1.29138	1.29881	1.2899	1.29473	193435
2020.11.02 00:00	1.29202	1.29427	1.28541	1.29169	142927
2020.11.03 00:00	1.29134	1.30789	1.29025	1.30535	126964
2020.11.04 00:00	1.30515	1.31402	1.29144	1.29874	350572
2020.11.05 00:00	1.29851	1.3155	1.29319	1.31457	246521
2020.11.06 00:00	1.31409	1.31771	1.30925	1.31481	227462
2020.11.09 00:00	1.31568	1.32079	1.31184	1.31616	254922
2020.11.10 00:00	1.31614	1.32783	1.31546	1.32714	237335
2020.11.11 00:00	1.32635	1.33132	1.31915	1.32216	167274
2020.11.12 00:00	1.32177	1.32281	1.31063	1.31146	173278
2020.11.13 00:00	1.31148	1.32007	1.31093	1.3199	146137
2020.11.16 00:00	1.31655	1.32425	1.31619	1.31881	169788
2020.11.17 00:00	1.31964	1.32727	1.31855	1.32493	164239
2020.11.18 00:00	1.32491	1.33122	1.32398	1.32682	138131
2020.11.19 00:00	1.32679	1.32793	1.31959	1.32612	164124
2020.11.20 00:00	1.32607	1.32973	1.32362	1.32883	144942
2020.11.23 00:00	1.32924	1.33975	1.3264	1.3324	165008
2020.11.24 00:00	1.33234	1.33804	1.32929	1.33564	164314
2020.11.25 00:00	1.33554	1.33935	1.33045	1.33671	168605
2020.11.26 00:00	1.33687	1.33977	1.33221	1.33557	105886
2020.11.27 00:00	1.33572	1.33817	1.32828	1.33012	151474
2020.11.30 00:00	1.33199	1.3385	1.33051	1.33171	189530
2020.12.01 00:00	1.33214	1.34421	1.33149	1.34107	187706
2020.12.02 00:00	1.34164	1.3441	1.32875	1.33652	206288
2020.12.03 00:00	1.33652	1.35	1.33534	1.34436	184065
2020.12.04 00:00	1.34448	1.35396	1.34105	1.34358	205019
2020.12.07 00:00	1.34086	1.34378	1.32243	1.33749	212603
2020.12.08 00:00	1.33747	1.33936	1.32895	1.33509	214764
2020.12.09 00:00	1.33496	1.3478	1.33476	1.33992	170389
2020.12.10 00:00	1.33825	1.34122	1.32456	1.32916	209797
2020.12.11 00:00	1.32863	1.33243	1.31344	1.32229	197105
2020.12.14 00:00	1.33585	1.34457	1.329	1.33202	174704
2020.12.15 00:00	1.33181	1.34696	1.32801	1.34537	200153
2020.12.16 00:00	1.34531	1.35539	1.34345	1.35074	177761
2020.12.17 00:00	1.3499	1.36245	1.34951	1.35828	153447
2020.12.18 00:00	1.35862	1.35899	1.34715	1.35204	143332
2020.12.21 00:00	1.34065	1.34993	1.31877	1.3459	263473
2020.12.22 00:00	1.3464	1.34693	1.33038	1.33523	212965
2020.12.23 00:00	1.33451	1.35708	1.33451	1.3487	235968
2020.12.24 00:00	1.3487	1.36194	1.3487	1.35495	157045
2020.12.25 00:00	1.35501	1.35501	1.35501	1.35501	1
2020.12.28 00:00	1.35449	1.35757	1.34293	1.34473	155623
2020.12.29 00:00	1.3442	1.35226	1.34418	1.35002	177751
2020.12.30 00:00	1.3495	1.36252	1.3492	1.36244	177497
2020.12.31 00:00	1.36223	1.36865	1.35992	1.36632	177938
2021.01.04 00:00	1.36462	1.3704	1.35416	1.35703	226199
2021.01.05 00:00	1.35697	1.36419	1.35543	1.3626	207079
2021.01.06 00:00	1.36121	1.36711	1.35392	1.36074	262683
2021.01.07 00:00	1.36074	1.36331	1.35327	1.35616	200924
2021.01.08 00:00	1.356	1.36359	1.35383	1.3564	215693
2021.01.11 00:00	1.35445	1.35615	1.34507	1.35107	170801
2021.01.12 00:00	1.35102	1.36702	1.34925	1.36616	163524
2021.01.13 00:00	1.36607	1.37007	1.36116	1.36348	142816
2021.01.14 00:00	1.36353	1.37104	1.36163	1.36847	158396
2021.01.15 00:00	1.36843	1.36978	1.35721	1.35849	143168
2021.01.18 00:00	1.35841	1.36008	1.35195	1.35854	131079
2021.01.19 00:00	1.35824	1.36368	1.35742	1.36222	123493
2021.01.20 00:00	1.36231	1.37187	1.36223	1.36494	132350
2021.01.21 00:00	1.36494	1.37459	1.36461	1.373	128792
2021.01.22 00:00	1.373	1.3736	1.36357	1.36803	119310
2021.01.25 00:00	1.36754	1.37234	1.36486	1.3675	147912
2021.01.26 00:00	1.36753	1.37445	1.36094	1.37333	135986
2021.01.27 00:00	1.37335	1.37587	1.3659	1.368	168147
2021.01.28 00:00	1.36792	1.3746	1.36301	1.37202	185785
2021.01.29 00:00	1.37163	1.37514	1.36572	1.36966	188827
2021.02.01 00:00	1.37021	1.37579	1.36563	1.36581	165008
2021.02.02 00:00	1.36605	1.37102	1.36112	1.36679	149805
2021.02.03 00:00	1.36679	1.36834	1.36193	1.36419	127630
2021.02.04 00:00	1.3637	1.36979	1.35661	1.36716	152360
2021.02.05 00:00	1.36695	1.374	1.36591	1.37378	114019
2021.02.08 00:00	1.37138	1.37494	1.36802	1.37334	98470
2021.02.09 00:00	1.37331	1.38202	1.37315	1.38159	108791
2021.02.10 00:00	1.38159	1.3866	1.38024	1.38356	110133
2021.02.11 00:00	1.38357	1.38594	1.38007	1.38118	89833
2021.02.12 00:00	1.38116	1.38623	1.37757	1.38521	87412
2021.02.15 00:00	1.3849	1.3919	1.38479	1.39001	87085
2021.02.16 00:00	1.39027	1.39516	1.38692	1.39025	133759
2021.02.17 00:00	1.3902	1.3907	1.38296	1.38495	141065
2021.02.18 00:00	1.3849	1.39859	1.38396	1.39709	127372
2021.02.19 00:00	1.39712	1.40361	1.39513	1.40071	108404
2021.02.22 00:00	1.40137	1.40862	1.39805	1.40596	126984
2021.02.23 00:00	1.40598	1.41168	1.40541	1.41085	120886
2021.02.24 00:00	1.41062	1.42392	1.40823	1.41377	157147
2021.02.25 00:00	1.41365	1.4182	1.4002	1.40084	190429
2021.02.26 00:00	1.40085	1.4026	1.38878	1.39288	257334
2021.03.01 00:00	1.39281	1.39991	1.3904	1.39254	158193
2021.03.02 00:00	1.3924	1.3977	1.3859	1.39512	152598
2021.03.03 00:00	1.39489	1.40064	1.39209	1.39514	172951
2021.03.04 00:00	1.39529	1.40174	1.38899	1.38923	187771
2021.03.05 00:00	1.38945	1.39065	1.37882	1.38278	194889
2021.03.08 00:00	1.38095	1.3865	1.38004	1.38204	198468
2021.03.09 00:00	1.38167	1.39255	1.38018	1.38876	173917
2021.03.10 00:00	1.3874	1.39382	1.38456	1.39339	150328
2021.03.11 00:00	1.39239	1.39953	1.39122	1.39907	134080
2021.03.12 00:00	1.39887	1.40048	1.38635	1.39185	137362
2021.03.15 00:00	1.39175	1.39495	1.38531	1.39009	126509
2021.03.16 00:00	1.38916	1.39059	1.3809	1.3889	118464
2021.03.17 00:00	1.38864	1.39711	1.38512	1.39598	134699
2021.03.18 00:00	1.39597	1.40013	1.38974	1.3925	172902
2021.03.19 00:00	1.39262	1.39592	1.38306	1.3866	139601
2021.03.22 00:00	1.38388	1.38768	1.38177	1.38624	94522
2021.03.23 00:00	1.38617	1.38643	1.37405	1.37472	116038
2021.03.24 00:00	1.37435	1.37573	1.36741	1.36816	110352
2021.03.25 00:00	1.3683	1.37453	1.36705	1.37317	112894
2021.03.26 00:00	1.37269	1.38124	1.37261	1.37909	89150
2021.03.29 00:00	1.37811	1.38469	1.37554	1.37568	102128
2021.03.30 00:00	1.37568	1.37834	1.37062	1.37389	95385
2021.03.31 00:00	1.37391	1.38119	1.37162	1.37778	104165
2021.04.01 00:00	1.37795	1.38367	1.37458	1.38301	107010
2021.04.02 00:00	1.383	1.38523	1.38059	1.38252	113232
2021.04.05 00:00	1.38156	1.39136	1.38114	1.39004	59120
2021.04.06 00:00	1.38932	1.39185	1.38021	1.38206	95628
2021.04.07 00:00	1.38198	1.38398	1.37246	1.37346	113270
2021.04.08 00:00	1.37344	1.37823	1.37189	1.37292	91819
2021.04.09 00:00	1.37286	1.37505	1.36697	1.37035	84578
2021.04.12 00:00	1.37021	1.37767	1.36689	1.37366	85899
2021.04.13 00:00	1.37321	1.37688	1.36942	1.375	99259
2021.04.14 00:00	1.37498	1.38087	1.3747	1.37742	88421
2021.04.15 00:00	1.3774	1.38088	1.37614	1.37848	91072
2021.04.16 00:00	1.37736	1.38404	1.37159	1.38401	94681
2021.04.19 00:00	1.38256	1.39928	1.38097	1.3985	120145
2021.04.20 00:00	1.39857	1.4009	1.39263	1.39359	98155
2021.04.21 00:00	1.39273	1.39496	1.38857	1.39242	86741
2021.04.22 00:00	1.39274	1.39493	1.38234	1.38364	96704
2021.04.23 00:00	1.38383	1.38954	1.38346	1.38779	88921
2021.04.26 00:00	1.387	1.39294	1.38642	1.38931	94048
2021.04.27 00:00	1.3891	1.39241	1.38585	1.39079	82525
2021.04.28 00:00	1.39085	1.39507	1.38609	1.3935	105236
2021.04.29 00:00	1.39339	1.39765	1.39317	1.39384	99398
2021.04.30 00:00	1.3933	1.39583	1.38027	1.3809	112770
2021.05.03 00:00	1.3815	1.39318	1.3801	1.3908	84118
2021.05.04 00:00	1.39103	1.39115	1.38384	1.38869	120144
2021.05.05 00:00	1.38865	1.39263	1.38763	1.39032	88111
2021.05.06 00:00	1.38975	1.39407	1.38574	1.38871	124038
2021.05.07 00:00	1.38879	1.40057	1.3884	1.39886	122921
2021.05.10 00:00	1.39933	1.41584	1.39929	1.41164	123169
2021.05.11 00:00	1.41165	1.41666	1.4104	1.41425	128003
2021.05.12 00:00	1.41407	1.41529	1.40499	1.40507	146498
2021.05.13 00:00	1.40494	1.40779	1.40055	1.40494	129963
2021.05.14 00:00	1.40494	1.41109	1.40359	1.40917	102446
2021.05.17 00:00	1.40967	1.41468	1.40772	1.4137	96669
2021.05.18 00:00	1.41296	1.42202	1.41296	1.41857	102459
2021.05.19 00:00	1.41842	1.42007	1.40993	1.41134	143600
2021.05.20 00:00	1.41104	1.41924	1.4101	1.41899	105411
2021.05.21 00:00	1.41885	1.42338	1.41406	1.41425	114635
2021.05.24 00:00	1.41448	1.41719	1.41112	1.41541	90620
2021.05.25 00:00	1.41548	1.42108	1.41155	1.41286	105878
2021.05.26 00:00	1.41464	1.41759	1.41124	1.41185	97996
2021.05.27 00:00	1.41194	1.42192	1.40916	1.4203	107827
2021.05.28 00:00	1.42	1.42082	1.41362	1.41887	134267
2021.05.31 00:00	1.41732	1.4218	1.41639	1.42057	78460
2021.06.01 00:00	1.42063	1.42491	1.41464	1.41494	116685
2021.06.02 00:00	1.41483	1.41833	1.41115	1.41685	99630
2021.06.03 00:00	1.41683	1.42029	1.40866	1.41011	118327
2021.06.04 00:00	1.40977	1.42003	1.40832	1.4158	121430
2021.06.07 00:00	1.41491	1.41909	1.41114	1.41796	100618
2021.06.08 00:00	1.41796	1.41848	1.4121	1.41517	86841
2021.06.09 00:00	1.41522	1.41892	1.41101	1.41177	80682
2021.06.10 00:00	1.41142	1.41782	1.40731	1.41753	129934
2021.06.11 00:00	1.41624	1.41853	1.40957	1.41091	92605
2021.06.14 00:00	1.41007	1.41238	1.40701	1.41085	76068
2021.06.15 00:00	1.41083	1.41287	1.40343	1.40804	94277
2021.06.16 00:00	1.40803	1.41326	1.39821	1.39859	138906
2021.06.17 00:00	1.39856	1.40088	1.38958	1.39151	153561
2021.06.18 00:00	1.39167	1.39445	1.37917	1.37935	166481
2021.06.21 00:00	1.37922	1.39369	1.37865	1.39306	148318
2021.06.22 00:00	1.39299	1.39634	1.38602	1.39495	112511
2021.06.23 00:00	1.39486	1.40013	1.39239	1.3962	109992
2021.06.24 00:00	1.39621	1.39866	1.38893	1.3917	122771
2021.06.25 00:00	1.39182	1.39355	1.38713	1.38807	91580
2021.06.28 00:00	1.38828	1.39398	1.38647	1.38784	87892
2021.06.29 00:00	1.38795	1.38831	1.38143	1.38326	86052
2021.06.30 00:00	1.38337	1.3873	1.37984	1.38278	98198
2021.07.01 00:00	1.38228	1.38356	1.37528	1.37626	95397
2021.07.02 00:00	1.37737	1.38446	1.37317	1.3833	102491
2021.07.05 00:00	1.38229	1.3862	1.38169	1.38404	75118
2021.07.06 00:00	1.38376	1.38982	1.37731	1.37965	114387
2021.07.07 00:00	1.37984	1.38419	1.37537	1.37981	119788
2021.07.08 00:00	1.37996	1.38053	1.37418	1.37808	142025
2021.07.09 00:00	1.37799	1.39009	1.37557	1.38989	148469
2021.07.12 00:00	1.38922	1.39103	1.38389	1.38823	115639
2021.07.13 00:00	1.38808	1.39052	1.37998	1.38107	114556
2021.07.14 00:00	1.38111	1.38919	1.38014	1.38598	121971
2021.07.15 00:00	1.38543	1.38989	1.38048	1.38235	135207
2021.07.16 00:00	1.38255	1.3862	1.37608	1.37646	110067
2021.07.19 00:00	1.37729	1.37751	1.36546	1.36749	160350
2021.07.20 00:00	1.36734	1.36895	1.35718	1.36229	141841
2021.07.21 00:00	1.36204	1.37231	1.35913	1.37073	102788
2021.07.22 00:00	1.37091	1.37872	1.36895	1.37674	106582
2021.07.23 00:00	1.37671	1.37801	1.372	1.37475	89939
2021.07.26 00:00	1.37511	1.38333	1.3737	1.38179	91858
2021.07.27 00:00	1.38176	1.38941	1.37666	1.38767	104816
2021.07.28 00:00	1.3875	1.39109	1.38425	1.38989	115934
2021.07.29 00:00	1.38985	1.39818	1.38968	1.39538	74873
2021.07.30 00:00	1.39548	1.39833	1.3888	1.39062	76156
2021.08.02 00:00	1.38947	1.39326	1.38757	1.38785	68964
2021.08.03 00:00	1.38791	1.39386	1.38774	1.39133	70276
2021.08.04 00:00	1.3911	1.39576	1.38854	1.38878	69147
2021.08.05 00:00	1.38869	1.3949	1.38724	1.39273	79766
2021.08.06 00:00	1.39287	1.3933	1.38612	1.38731	64946
2021.08.09 00:00	1.38713	1.38943	1.38409	1.38465	71376
2021.08.10 00:00	1.38456	1.38728	1.38273	1.38355	54303
2021.08.11 00:00	1.38378	1.38878	1.38026	1.3861	59295
2021.08.12 00:00	1.38662	1.38787	1.37945	1.38039	53960
2021.08.13 00:00	1.38068	1.3875	1.37905	1.38699	43527
2021.08.16 00:00	1.38553	1.38784	1.38279	1.38402	55346
2021.08.17 00:00	1.38481	1.38481	1.37262	1.37386	71740
2021.08.18 00:00	1.37384	1.37859	1.37232	1.37517	67794
2021.08.19 00:00	1.37496	1.3759	1.3632	1.3636	87214
2021.08.20 00:00	1.36413	1.36438	1.36021	1.36231	63574
2021.08.23 00:00	1.36205	1.37321	1.36092	1.37163	57191
2021.08.24 00:00	1.37132	1.37478	1.36937	1.37282	50022
2021.08.25 00:00	1.37282	1.3767	1.36965	1.37635	48897
2021.08.26 00:00	1.37634	1.37679	1.36895	1.36989	54848
2021.08.27 00:00	1.3696	1.3781	1.36794	1.3761	73488
2021.08.30 00:00	1.37614	1.37752	1.37339	1.37574	43548
2021.08.31 00:00	1.37631	1.38077	1.37429	1.37539	80192
2021.09.01 00:00	1.37486	1.37986	1.37313	1.37675	67537
2021.09.02 00:00	1.3768	1.384	1.37649	1.38317	50864
2021.09.03 00:00	1.38321	1.38918	1.38179	1.38586	71802
2021.09.06 00:00	1.38551	1.38684	1.38186	1.3831	55223
2021.09.07 00:00	1.383	1.38566	1.37677	1.37847	75810
2021.09.08 00:00	1.3782	1.37903	1.37263	1.37713	81960
2021.09.09 00:00	1.37712	1.38627	1.37535	1.38335	87639
2021.09.10 00:00	1.38318	1.38885	1.38264	1.38304	72014
2021.09.13 00:00	1.38326	1.38512	1.37969	1.38332	71390
2021.09.14 00:00	1.38379	1.39131	1.38034	1.38037	92229
2021.09.15 00:00	1.38041	1.38536	1.37926	1.38345	82323
2021.09.16 00:00	1.38387	1.38529	1.37644	1.37908	78002
2021.09.17 00:00	1.37894	1.38127	1.3727	1.37282	82412
2021.09.20 00:00	1.37409	1.37476	1.36407	1.36514	97968
2021.09.21 00:00	1.3652	1.3693	1.36411	1.36581	97614
2021.09.22 00:00	1.36565	1.36897	1.36094	1.36175	114325
2021.09.23 00:00	1.36185	1.37507	1.36123	1.37202	124263
2021.09.24 00:00	1.37212	1.37363	1.36579	1.3669	97449
2021.09.27 00:00	1.36668	1.37288	1.36579	1.36964	91823
2021.09.28 00:00	1.36963	1.37173	1.35208	1.35338	124244
2021.09.29 00:00	1.35341	1.35546	1.34119	1.34262	125207
2021.09.30 00:00	1.34219	1.35176	1.34155	1.3473	114850
2021.10.01 00:00	1.34735	1.35758	1.34336	1.35424	140665
2021.10.04 00:00	1.35389	1.36404	1.35316	1.36056	113516
2021.10.05 00:00	1.36093	1.36479	1.35845	1.36247	104880
2021.10.06 00:00	1.36299	1.36319	1.35439	1.35809	144470
2021.10.07 00:00	1.35826	1.36385	1.35704	1.36145	96128
2021.10.08 00:00	1.36093	1.36562	1.35834	1.36127	99453
2021.10.11 00:00	1.36235	1.36739	1.35843	1.35945	81553
2021.10.12 00:00	1.35952	1.36375	1.35686	1.35869	89950
2021.10.13 00:00	1.35839	1.36649	1.35759	1.36565	101988
2021.10.14 00:00	1.3657	1.37343	1.36543	1.36719	76119
2021.10.15 00:00	1.36718	1.37732	1.36677	1.37444	85001
2021.10.18 00:00	1.37565	1.37652	1.37092	1.37249	85384
2021.10.19 00:00	1.37257	1.38338	1.37203	1.37931	86297
2021.10.20 00:00	1.37931	1.38345	1.37422	1.38233	82166
2021.10.21 00:00	1.38144	1.38331	1.37762	1.3792	83658
2021.10.22 00:00	1.37921	1.38153	1.37362	1.37518	120659
2021.10.25 00:00	1.37431	1.37919	1.37418	1.37654	113654
2021.10.26 00:00	1.37641	1.38297	1.3757	1.37641	117801
2021.10.27 00:00	1.37634	1.37808	1.37094	1.37413	136931
2021.10.28 00:00	1.37396	1.3815	1.37223	1.37839	157086
2021.10.29 00:00	1.37843	1.38039	1.36682	1.36861	145630
2021.11.01 00:00	1.36834	1.36932	1.3642	1.36573	115450
2021.11.02 00:00	1.36548	1.36787	1.36054	1.361	116140
2021.11.03 00:00	1.3614	1.36919	1.36073	1.36864	137034
2021.11.04 00:00	1.36854	1.36982	1.34712	1.34992	153673
2021.11.05 00:00	1.34928	1.3509	1.34244	1.34942	124223
2021.11.08 00:00	1.34762	1.35796	1.34501	1.35625	92407
2021.11.09 00:00	1.35649	1.3607	1.35242	1.35565	108262
2021.11.10 00:00	1.3557	1.3565	1.34012	1.3405	138175
2021.11.11 00:00	1.3405	1.34331	1.33586	1.33686	99901
2021.11.12 00:00	1.33646	1.34261	1.33534	1.34116	93153
2021.11.15 00:00	1.34178	1.34496	1.34033	1.34104	99378
2021.11.16 00:00	1.34095	1.34726	1.34054	1.34278	124894
2021.11.17 00:00	1.34289	1.34964	1.33963	1.3481	126930
2021.11.18 00:00	1.34825	1.35135	1.34638	1.34903	114552
2021.11.19 00:00	1.34874	1.35099	1.3407	1.34363	147075
2021.11.22 00:00	1.34472	1.34584	1.33843	1.33956	151188
2021.11.23 00:00	1.33955	1.34095	1.33425	1.3375	146488
2021.11.24 00:00	1.33746	1.33899	1.33157	1.33245	143563
2021.11.25 00:00	1.33245	1.33534	1.33055	1.33215	164871
2021.11.26 00:00	1.33181	1.33599	1.32779	1.33345	206869
2021.11.29 00:00	1.33373	1.3363	1.32875	1.33139	141724
2021.11.30 00:00	1.33143	1.33707	1.3195	1.32964	233231
2021.12.01 00:00	1.32965	1.33521	1.32618	1.32758	186682
2021.12.02 00:00	1.32758	1.33335	1.32689	1.33001	149576
2021.12.03 00:00	1.33003	1.33101	1.32085	1.32328	165115
2021.12.06 00:00	1.32171	1.32864	1.32171	1.32632	118486
2021.12.07 00:00	1.32624	1.32893	1.32087	1.32433	131746
2021.12.08 00:00	1.32433	1.32612	1.31685	1.32028	177330
2021.12.09 00:00	1.32014	1.32224	1.31706	1.32196	127341
2021.12.10 00:00	1.32192	1.32758	1.31871	1.32674	126733
2021.12.13 00:00	1.32459	1.32688	1.32071	1.32145	114485
2021.12.14 00:00	1.3214	1.32569	1.31911	1.32296	101635
2021.12.15 00:00	1.32291	1.32828	1.31719	1.32604	141806
2021.12.16 00:00	1.32553	1.33746	1.32412	1.33204	163379
2021.12.17 00:00	1.33194	1.33393	1.32312	1.32351	135303
2021.12.20 00:00	1.32384	1.32459	1.31733	1.32057	109427
2021.12.21 00:00	1.32041	1.32707	1.31974	1.32544	90230
2021.12.22 00:00	1.32555	1.33631	1.32399	1.33483	96662
2021.12.23 00:00	1.33451	1.34379	1.33401	1.3405	87372
2021.12.24 00:00	1.3402	1.34194	1.33739	1.33826	198667
2021.12.27 00:00	1.3392	1.34452	1.3386	1.34408	55338
2021.12.28 00:00	1.34403	1.34617	1.34149	1.34323	60531
2021.12.29 00:00	1.34312	1.34997	1.34085	1.34875	77631
2021.12.30 00:00	1.34826	1.35219	1.34544	1.34935	81609
2021.12.31 00:00	1.34959	1.35503	1.34655	1.3526	90887
2022.01.03 00:00	1.35254	1.3535	1.3431	1.34763	84678
2022.01.04 00:00	1.34737	1.35577	1.34594	1.3528	98932
2022.01.05 00:00	1.35284	1.35984	1.35225	1.35545	109730
2022.01.06 00:00	1.35541	1.35609	1.34905	1.35289	123005
2022.01.07 00:00	1.35289	1.35976	1.35271	1.35883	106927
2022.01.10 00:00	1.3572	1.36037	1.35321	1.35769	83304
2022.01.11 00:00	1.35618	1.36365	1.35613	1.36347	78146
2022.01.12 00:00	1.36353	1.37142	1.36209	1.36973	74735
2022.01.13 00:00	1.36975	1.37488	1.36975	1.37047	80954
2022.01.14 00:00	1.37178	1.37432	1.36535	1.36735	95336
2022.01.17 00:00	1.36748	1.36897	1.36374	1.36448	78126
2022.01.18 00:00	1.36438	1.36614	1.35728	1.35947	110154
2022.01.19 00:00	1.35871	1.36487	1.3586	1.36119	91584
2022.01.20 00:00	1.36094	1.36616	1.35868	1.35986	91826
2022.01.21 00:00	1.35973	1.36021	1.35456	1.35538	101033
2022.01.24 00:00	1.35507	1.35654	1.34403	1.34858	109876
2022.01.25 00:00	1.34834	1.35188	1.34363	1.34944	105211
2022.01.26 00:00	1.34871	1.35245	1.34441	1.34617	93223
2022.01.27 00:00	1.34608	1.3468	1.33578	1.33817	104631
2022.01.28 00:00	1.33747	1.34327	1.33651	1.33944	106447
2022.01.31 00:00	1.33923	1.34602	1.33863	1.3445	81493
2022.02.01 00:00	1.34475	1.3528	1.3434	1.35201	68932
2022.02.02 00:00	1.35169	1.35869	1.35103	1.35745	58551
2022.02.03 00:00	1.35732	1.36278	1.3538	1.35961	86567
2022.02.04 00:00	1.35961	1.36149	1.35049	1.35297	90113
2022.02.07 00:00	1.35414	1.35508	1.34907	1.35354	69940
2022.02.08 00:00	1.35366	1.35638	1.35077	1.35392	61097
2022.02.09 00:00	1.3539	1.35892	1.35266	1.35338	57650
2022.02.10 00:00	1.35341	1.36437	1.35232	1.35537	89660
2022.02.11 00:00	1.35545	1.36097	1.35138	1.35585	110688
2022.02.14 00:00	1.35494	1.35718	1.34948	1.35228	165064
2022.02.15 00:00	1.35231	1.35671	1.34866	1.35336	114602
2022.02.16 00:00	1.35287	1.36009	1.35282	1.3583	107403
2022.02.17 00:00	1.35777	1.36381	1.35553	1.36143	144901
2022.02.18 00:00	1.36114	1.36427	1.3573	1.35855	120814
2022.02.21 00:00	1.35857	1.36385	1.35847	1.35995	92754
2022.02.22 00:00	1.35973	1.36047	1.35383	1.3579	138785
2022.02.23 00:00	1.35782	1.36208	1.35359	1.35436	106045
2022.02.24 00:00	1.35438	1.35493	1.32726	1.33726	320742
2022.02.25 00:00	1.33717	1.34386	1.33664	1.34105	165997
2022.02.28 00:00	1.33203	1.34318	1.33172	1.3418	212732
2022.03.01 00:00	1.34088	1.34376	1.33022	1.33202	148436
2022.03.02 00:00	1.33166	1.34069	1.32716	1.34056	181155
2022.03.03 00:00	1.34053	1.34179	1.33174	1.33463	147510
2022.03.04 00:00	1.33469	1.33546	1.32023	1.32336	196370
2022.03.07 00:00	1.32309	1.32379	1.31017	1.31036	272367
2022.03.08 00:00	1.31036	1.31445	1.30819	1.31009	225382
2022.03.09 00:00	1.30998	1.31898	1.30878	1.31764	152877
2022.03.10 00:00	1.31781	1.31948	1.30814	1.30839	172821
2022.03.11 00:00	1.3083	1.3125	1.30273	1.30378	162456
2022.03.14 00:00	1.30395	1.30793	1.30007	1.30009	122673
2022.03.15 00:00	1.30009	1.30886	1.30002	1.30417	151586
2022.03.16 00:00	1.30403	1.31564	1.30307	1.31481	187198
2022.03.17 00:00	1.31493	1.32113	1.30877	1.31483	157284
2022.03.18 00:00	1.31476	1.31969	1.31109	1.31771	134366
2022.03.21 00:00	1.3173	1.321	1.31266	1.31665	126446
2022.03.22 00:00	1.3167	1.32738	1.312	1.32615	144089
2022.03.23 00:00	1.3262	1.32987	1.31748	1.32046	119566
2022.03.24 00:00	1.32046	1.32143	1.31569	1.31868	183427
2022.03.25 00:00	1.31903	1.32248	1.31591	1.31809	195017
2022.03.28 00:00	1.31816	1.31865	1.30668	1.30824	230920
2022.03.29 00:00	1.30848	1.31597	1.30506	1.30926	224668
2022.03.30 00:00	1.30846	1.31823	1.30838	1.31312	207635
2022.03.31 00:00	1.31287	1.31755	1.31054	1.31335	198986
2022.04.01 00:00	1.31335	1.31516	1.30863	1.31146	173519
2022.04.04 00:00	1.30904	1.3137	1.30904	1.31137	137216
2022.04.05 00:00	1.31124	1.31668	1.30666	1.30703	151033
2022.04.06 00:00	1.30703	1.31081	1.30453	1.30686	198564
2022.04.07 00:00	1.30592	1.31066	1.30517	1.30735	172776
2022.04.08 00:00	1.30721	1.30849	1.29818	1.30357	153460
2022.04.11 00:00	1.30293	1.30566	1.29889	1.3029	148244
2022.04.12 00:00	1.30304	1.3054	1.29934	1.30005	175848
2022.04.13 00:00	1.30004	1.31172	1.2973	1.31163	144117
2022.04.14 00:00	1.31164	1.31473	1.30332	1.30638	177622
2022.04.15 00:00	1.30633	1.30812	1.30365	1.3055	322344
2022.04.18 00:00	1.30521	1.30646	1.30048	1.30146	99917
2022.04.19 00:00	1.30196	1.30406	1.29804	1.2996	140377
2022.04.20 00:00	1.29966	1.30704	1.29895	1.30676	152047
2022.04.21 00:00	1.30506	1.30903	1.30221	1.30284	174978
2022.04.22 00:00	1.30296	1.30351	1.28228	1.28318	192899
2022.04.25 00:00	1.28319	1.28406	1.26973	1.27404	241969
2022.04.26 00:00	1.27399	1.27723	1.25711	1.2573	201257
2022.04.27 00:00	1.25735	1.26018	1.25023	1.25435	201326
2022.04.28 00:00	1.25382	1.25698	1.2411	1.24519	222070
2022.04.29 00:00	1.24503	1.26144	1.24439	1.25709	198621
2022.05.02 00:00	1.25791	1.25972	1.24728	1.24802	180988
2022.05.03 00:00	1.24803	1.25671	1.24703	1.24955	198975
2022.05.04 00:00	1.24962	1.26379	1.24513	1.26244	209271
2022.05.05 00:00	1.26254	1.26339	1.23248	1.23567	277965
2022.05.06 00:00	1.23571	1.23803	1.2276	1.23259	313899
2022.05.09 00:00	1.23412	1.24058	1.22604	1.23306	250533
2022.05.10 00:00	1.23285	1.23756	1.22916	1.23094	259667
2022.05.11 00:00	1.23093	1.24002	1.22371	1.22476	295807
2022.05.12 00:00	1.22469	1.22531	1.2165	1.21987	316723
2022.05.13 00:00	1.21989	1.22542	1.21551	1.22538	202981
2022.05.16 00:00	1.22376	1.23296	1.22169	1.23168	202692
2022.05.17 00:00	1.23135	1.24986	1.23135	1.24906	234137
2022.05.18 00:00	1.2489	1.24996	1.23295	1.23343	210508
2022.05.19 00:00	1.23336	1.25245	1.23329	1.24615	289573
2022.05.20 00:00	1.24544	1.24998	1.24374	1.24918	249013
2022.05.23 00:00	1.24869	1.26009	1.2472	1.25873	204444
2022.05.24 00:00	1.25873	1.25985	1.24715	1.25289	224566
2022.05.25 00:00	1.25247	1.25907	1.24809	1.2566	238189
2022.05.26 00:00	1.25662	1.26207	1.25516	1.25856	204451
2022.05.27 00:00	1.25877	1.26665	1.25729	1.26272	182080
2022.05.30 00:00	1.2608	1.26599	1.26061	1.26507	136777
2022.05.31 00:00	1.26451	1.26549	1.25602	1.26005	230927
2022.06.01 00:00	1.25948	1.26163	1.2458	1.24822	210144
2022.06.02 00:00	1.24854	1.25864	1.2469	1.25764	158214
2022.06.03 00:00	1.25755	1.25897	1.24852	1.24898	154147
2022.06.06 00:00	1.24876	1.25773	1.24765	1.25305	164132
2022.06.07 00:00	1.25299	1.25994	1.243	1.25878	213466
2022.06.08 00:00	1.25896	1.25974	1.2513	1.25312	200553
2022.06.09 00:00	1.25293	1.25585	1.24869	1.24924	242337
2022.06.10 00:00	1.24936	1.25175	1.2301	1.23154	247107
2022.06.13 00:00	1.23149	1.23226	1.21069	1.21314	339153
2022.06.14 00:00	1.2131	1.2208	1.1934	1.19954	382893
2022.06.15 00:00	1.1994	1.22046	1.1978	1.21755	394353
2022.06.16 00:00	1.21747	1.24067	1.20406	1.23501	415300
2022.06.17 00:00	1.23509	1.23605	1.21725	1.2219	354538
2022.06.20 00:00	1.22235	1.22802	1.21988	1.22476	228683
2022.06.21 00:00	1.22473	1.23243	1.22393	1.22673	217960
2022.06.22 00:00	1.22791	1.23146	1.21608	1.22602	243446
2022.06.23 00:00	1.22612	1.22941	1.21693	1.22489	213134
2022.06.24 00:00	1.22496	1.23202	1.22407	1.22725	154629
2022.06.27 00:00	1.2275	1.23324	1.22378	1.22637	158904
2022.06.28 00:00	1.22636	1.22911	1.218	1.21811	168610
2022.06.29 00:00	1.2181	1.22129	1.21053	1.21198	198778
2022.06.30 00:00	1.21198	1.21882	1.20917	1.21669	181636
2022.07.01 00:00	1.21694	1.21775	1.19756	1.20922	196142
2022.07.04 00:00	1.21031	1.2165	1.20847	1.21088	128393
2022.07.05 00:00	1.209	1.21252	1.18982	1.1937	204610
2022.07.06 00:00	1.19354	1.19892	1.18755	1.192	248631
2022.07.07 00:00	1.19202	1.20294	1.19085	1.20183	197911
2022.07.08 00:00	1.20178	1.20557	1.19192	1.20253	209650
2022.07.11 00:00	1.20075	1.20369	1.18662	1.18871	167942
2022.07.12 00:00	1.18869	1.19156	1.18071	1.18781	197285
2022.07.13 00:00	1.18786	1.19669	1.18271	1.18872	219192
2022.07.14 00:00	1.18872	1.18929	1.17598	1.18179	270039
2022.07.15 00:00	1.1819	1.18746	1.18043	1.1868	294967
2022.07.18 00:00	1.18651	1.20335	1.18628	1.19469	263557
2022.07.19 00:00	1.19479	1.20453	1.19249	1.19878	250810
2022.07.20 00:00	1.20007	1.20374	1.19534	1.19657	274661
2022.07.21 00:00	1.19633	1.20039	1.18899	1.19816	320711
2022.07.22 00:00	1.1979	1.2064	1.19162	1.20039	352662
2022.07.25 00:00	1.19988	1.20863	1.19603	1.20385	269676
2022.07.26 00:00	1.20375	1.20901	1.19637	1.20213	248140
2022.07.27 00:00	1.2021	1.21859	1.20197	1.21529	282164
2022.07.28 00:00	1.21516	1.21914	1.21032	1.21769	303182
2022.07.29 00:00	1.21728	1.22456	1.2063	1.21744	311716
2022.08.01 00:00	1.21673	1.22935	1.21563	1.22537	323879
2022.08.02 00:00	1.22562	1.22792	1.21565	1.21565	393832
2022.08.03 00:00	1.21624	1.22076	1.20998	1.21463	368616
2022.08.04 00:00	1.21402	1.2198	1.20654	1.21551	341055
2022.08.05 00:00	1.21538	1.21692	1.20033	1.20665	329694
2022.08.08 00:00	1.20644	1.21378	1.20473	1.20782	252103
2022.08.09 00:00	1.20818	1.21304	1.2063	1.20742	243633
2022.08.10 00:00	1.20791	1.22769	1.20649	1.22118	290805
2022.08.11 00:00	1.22124	1.22494	1.21821	1.2199	341088
2022.08.12 00:00	1.21955	1.22155	1.21022	1.21315	289929
2022.08.15 00:00	1.21326	1.2148	1.205	1.20534	247683
2022.08.16 00:00	1.20515	1.21179	1.20075	1.20967	249198
2022.08.17 00:00	1.20898	1.21431	1.20279	1.20444	297550
2022.08.18 00:00	1.20446	1.20797	1.19228	1.19316	276319
2022.08.19 00:00	1.1925	1.19393	1.1792	1.18265	279534
2022.08.22 00:00	1.18275	1.18367	1.17419	1.17648	246363
2022.08.23 00:00	1.17627	1.18777	1.17173	1.18299	385153
2022.08.24 00:00	1.18322	1.1838	1.17557	1.1791	365175
2022.08.25 00:00	1.17943	1.18647	1.17836	1.18339	383422
2022.08.26 00:00	1.18303	1.19012	1.17335	1.17357	382413
2022.08.29 00:00	1.17328	1.17441	1.16485	1.17053	375011
2022.08.30 00:00	1.1704	1.17605	1.16212	1.16538	476709
2022.08.31 00:00	1.16492	1.16938	1.15991	1.16221	470996
2022.09.01 00:00	1.16186	1.16226	1.14986	1.15436	477046
2022.09.02 00:00	1.15415	1.15888	1.14959	1.1508	452375
2022.09.05 00:00	1.14803	1.15222	1.14434	1.15215	407887
2022.09.06 00:00	1.15105	1.16096	1.14937	1.15188	522796
2022.09.07 00:00	1.15133	1.15397	1.14052	1.15362	519603
2022.09.08 00:00	1.1523	1.15606	1.14603	1.1502	569505
2022.09.09 00:00	1.14981	1.1648	1.14957	1.15834	509888
2022.09.12 00:00	1.16295	1.17107	1.16005	1.16822	381434
2022.09.13 00:00	1.16791	1.17384	1.14923	1.1493	373516
2022.09.14 00:00	1.14925	1.15896	1.14801	1.1539	279064
2022.09.15 00:00	1.15377	1.15491	1.14617	1.14653	189113
2022.09.16 00:00	1.14691	1.14805	1.13504	1.14171	194902
2022.09.19 00:00	1.14121	1.1442	1.13553	1.14334	147966
2022.09.20 00:00	1.1427	1.14607	1.13574	1.13814	201489
2022.09.21 00:00	1.13758	1.13846	1.12452	1.12644	222212
2022.09.22 00:00	1.12658	1.13642	1.12116	1.1252	263780
2022.09.23 00:00	1.12566	1.12738	1.08362	1.08511	263218
2022.09.26 00:00	1.07984	1.093	1.0276	1.06846	369641
2022.09.27 00:00	1.06824	1.08375	1.0649	1.07306	290381
2022.09.28 00:00	1.07283	1.09161	1.05389	1.08879	337573
2022.09.29 00:00	1.08826	1.11186	1.07621	1.11145	333028
2022.09.30 00:00	1.11143	1.12342	1.10252	1.1149	365106
2022.10.03 00:00	1.11677	1.13343	1.10856	1.13198	260936
2022.10.04 00:00	1.13201	1.14899	1.12802	1.14746	275039
2022.10.05 00:00	1.14685	1.14955	1.12269	1.1329	263129
2022.10.06 00:00	1.13098	1.13833	1.11126	1.11565	289004
2022.10.07 00:00	1.11565	1.12249	1.10554	1.10915	288561
2022.10.10 00:00	1.10838	1.11112	1.10193	1.10541	274468
2022.10.11 00:00	1.10536	1.11794	1.09524	1.09665	332770
2022.10.12 00:00	1.09652	1.11336	1.09231	1.10981	317764
2022.10.13 00:00	1.10984	1.13801	1.10571	1.13288	308384
2022.10.14 00:00	1.13293	1.13661	1.11516	1.11785	331707
2022.10.17 00:00	1.12256	1.14396	1.12105	1.13604	287575
2022.10.18 00:00	1.13522	1.14109	1.12551	1.13191	331929
2022.10.19 00:00	1.13179	1.13579	1.11846	1.12172	301681
2022.10.20 00:00	1.12126	1.1337	1.11714	1.12366	321904
2022.10.21 00:00	1.12316	1.13146	1.10601	1.12926	342495
2022.10.24 00:00	1.1385	1.14093	1.12575	1.12792	333917
2022.10.25 00:00	1.12707	1.14991	1.12706	1.14703	282952
2022.10.26 00:00	1.14705	1.16387	1.14303	1.1628	325049
2022.10.27 00:00	1.16092	1.16454	1.15485	1.15597	340932
2022.10.28 00:00	1.1557	1.16236	1.15036	1.16139	310175
2022.10.31 00:00	1.15896	1.16132	1.146	1.14623	279146
2022.11.01 00:00	1.14714	1.15658	1.14368	1.148	300761
2022.11.02 00:00	1.14816	1.15645	1.13874	1.13886	317892
2022.11.03 00:00	1.13901	1.14217	1.11514	1.11564	295595
2022.11.04 00:00	1.11547	1.13818	1.11425	1.13733	329480
2022.11.07 00:00	1.13057	1.15414	1.12903	1.15125	286941
2022.11.08 00:00	1.15112	1.1599	1.14295	1.1541	274146
2022.11.09 00:00	1.15354	1.15668	1.13337	1.13554	328871
2022.11.10 00:00	1.13511	1.17311	1.13511	1.17114	325604
2022.11.11 00:00	1.16981	1.18546	1.16468	1.18315	348977
2022.11.14 00:00	1.18099	1.18291	1.17097	1.17563	323815
2022.11.15 00:00	1.17508	1.20293	1.17403	1.18645	329506
2022.11.16 00:00	1.18558	1.19421	1.18311	1.19118	320323
2022.11.17 00:00	1.19126	1.19581	1.17623	1.18619	315027
2022.11.18 00:00	1.18608	1.19504	1.18562	1.18804	286652
2022.11.21 00:00	1.18906	1.18965	1.17782	1.18215	260910
2022.11.22 00:00	1.18183	1.19025	1.18113	1.18836	274364
2022.11.23 00:00	1.18825	1.20803	1.18723	1.20515	262406
2022.11.24 00:00	1.20519	1.21533	1.20431	1.21128	246608
2022.11.25 00:00	1.21086	1.21273	1.20579	1.20891	239532
2022.11.28 00:00	1.20646	1.21177	1.194	1.19509	300624
2022.11.29 00:00	1.19461	1.20641	1.19446	1.19473	315314
2022.11.30 00:00	1.19527	1.20869	1.19002	1.20541	293104
2022.12.01 00:00	1.20493	1.23104	1.20462	1.22456	293838
2022.12.02 00:00	1.22466	1.23	1.21457	1.22944	237300
2022.12.05 00:00	1.22818	1.23444	1.21616	1.21839	268155
2022.12.06 00:00	1.21825	1.22693	1.21271	1.21339	245988
2022.12.07 00:00	1.21336	1.22344	1.21062	1.2203	264304
2022.12.08 00:00	1.22038	1.22471	1.21546	1.22322	252546
2022.12.09 00:00	1.22337	1.23225	1.22104	1.22678	260002
2022.12.12 00:00	1.22578	1.22986	1.22062	1.2266	230824
2022.12.13 00:00	1.22709	1.24436	1.22481	1.2365	264146
2022.12.14 00:00	1.23647	1.24465	1.2342	1.24237	255663
2022.12.15 00:00	1.24245	1.2431	1.2156	1.21695	263977
2022.12.16 00:00	1.21736	1.22229	1.21195	1.21345	252503
2022.12.19 00:00	1.21444	1.22417	1.21207	1.21387	199379
2022.12.20 00:00	1.21385	1.22233	1.20851	1.21695	302871
2022.12.21 00:00	1.21691	1.21923	1.20551	1.20709	229152
2022.12.22 00:00	1.20683	1.21474	1.19922	1.20283	233845
2022.12.23 00:00	1.2027	1.209	1.20182	1.205	224810
2022.12.27 00:00	1.20547	1.21123	1.20019	1.20126	202575
2022.12.28 00:00	1.20121	1.21259	1.2002	1.2008	212590
2022.12.29 00:00	1.20149	1.20785	1.20121	1.20456	210961
2022.12.30 00:00	1.20453	1.21075	1.20096	1.20964	217352
2023.01.02 00:00	1.20739	1.20931	1.20321	1.20389	32609
2023.01.03 00:00	1.20419	1.20849	1.19003	1.196	241993
2023.01.04 00:00	1.19601	1.20876	1.19574	1.20457	237306
2023.01.05 00:00	1.20431	1.20778	1.18734	1.1898	243339
2023.01.06 00:00	1.18992	1.20994	1.18411	1.20934	261178
2023.01.09 00:00	1.20791	1.22098	1.2079	1.21707	258282
2023.01.10 00:00	1.21816	1.21979	1.21099	1.21421	255496
2023.01.11 00:00	1.21454	1.21782	1.21004	1.21359	192399
2023.01.12 00:00	1.21305	1.22468	1.20886	1.22002	203377
2023.01.13 00:00	1.21926	1.22483	1.21505	1.22318	187359
2023.01.16 00:00	1.22101	1.22892	1.21719	1.21849	157378
2023.01.17 00:00	1.21957	1.23003	1.21694	1.22809	216139
2023.01.18 00:00	1.22809	1.24359	1.22544	1.23424	244232
2023.01.19 00:00	1.23434	1.23975	1.23132	1.23819	211314
2023.01.20 00:00	1.23819	1.24045	1.23355	1.23985	170254
2023.01.23 00:00	1.24023	1.24479	1.23236	1.23705	180317
2023.01.24 00:00	1.23744	1.24139	1.22632	1.23233	173881
2023.01.25 00:00	1.23282	1.24041	1.2283	1.23967	182741
2023.01.26 00:00	1.23942	1.24305	1.23449	1.23999	167677
2023.01.27 00:00	1.23994	1.24189	1.23455	1.23948	155576
2023.01.30 00:00	1.23853	1.24175	1.2337	1.23469	176353
2023.01.31 00:00	1.23414	1.23713	1.22843	1.23187	166645
2023.02.01 00:00	1.23143	1.23938	1.22814	1.23728	188741
2023.02.02 00:00	1.23733	1.24016	1.22174	1.22236	223068
2023.02.03 00:00	1.22237	1.22657	1.20465	1.20524	192465
2023.02.06 00:00	1.20295	1.20773	1.20057	1.20156	188098
2023.02.07 00:00	1.20112	1.20952	1.19612	1.20453	195752
2023.02.08 00:00	1.20383	1.21096	1.20363	1.20688	173051
2023.02.09 00:00	1.20649	1.21939	1.20569	1.21186	176215
2023.02.10 00:00	1.21172	1.21394	1.20472	1.20573	172454
2023.02.13 00:00	1.20591	1.21521	1.20309	1.21303	163431
2023.02.14 00:00	1.21276	1.22695	1.21174	1.21698	210068
2023.02.15 00:00	1.21669	1.21816	1.19899	1.20257	164878
2023.02.16 00:00	1.20236	1.20743	1.19655	1.1987	193783
2023.02.17 00:00	1.1987	1.20493	1.1915	1.20419	197597
2023.02.20 00:00	1.20229	1.20567	1.20146	1.20373	130531
2023.02.21 00:00	1.20309	1.21477	1.1986	1.21109	194984
2023.02.22 00:00	1.21099	1.21357	1.20349	1.20453	201074
2023.02.23 00:00	1.20445	1.20747	1.19922	1.20097	160437
2023.02.24 00:00	1.20069	1.2042	1.19284	1.19399	199417
2023.02.27 00:00	1.19526	1.2066	1.19227	1.20629	166718
2023.02.28 00:00	1.20558	1.21431	1.20127	1.20185	166280
2023.03.01 00:00	1.20129	1.2089	1.1965	1.20284	203711
2023.03.02 00:00	1.20254	1.20366	1.19252	1.19397	190813
2023.03.03 00:00	1.19379	1.20486	1.19379	1.2045	152119
2023.03.06 00:00	1.20215	1.20489	1.19928	1.20146	133757
2023.03.07 00:00	1.2023	1.20652	1.18198	1.18256	177219
2023.03.08 00:00	1.18263	1.18591	1.18024	1.18395	155390
2023.03.09 00:00	1.183	1.1939	1.18294	1.19228	149416
2023.03.10 00:00	1.19164	1.21134	1.19075	1.20322	232381
2023.03.13 00:00	1.20627	1.21999	1.20468	1.21815	301866
2023.03.14 00:00	1.21809	1.22035	1.2135	1.2156	229239
2023.03.15 00:00	1.21574	1.21821	1.20104	1.20545	272563
2023.03.16 00:00	1.2054	1.21279	1.20272	1.21073	218659
2023.03.17 00:00	1.20985	1.22006	1.20985	1.21803	166429
2023.03.20 00:00	1.22011	1.2285	1.21671	1.22769	170126
2023.03.21 00:00	1.22677	1.22826	1.21788	1.22158	124279
2023.03.22 00:00	1.22034	1.23352	1.22034	1.22623	151480
2023.03.23 00:00	1.22577	1.23436	1.22577	1.22864	179264
2023.03.24 00:00	1.22809	1.22926	1.21904	1.2229	161721
2023.03.27 00:00	1.22238	1.22933	1.22189	1.22843	118684
2023.03.28 00:00	1.22802	1.23493	1.22776	1.23381	112345
2023.03.29 00:00	1.23384	1.23616	1.2303	1.23089	126501
2023.03.30 00:00	1.23049	1.2393	1.22937	1.23843	110987
2023.03.31 00:00	1.23759	1.24231	1.23247	1.23296	109763
2023.04.03 00:00	1.2319	1.24234	1.22745	1.24052	129384
2023.04.04 00:00	1.24065	1.25253	1.23952	1.25007	134680
2023.04.05 00:00	1.2499	1.25144	1.24328	1.24601	122740
2023.04.06 00:00	1.24509	1.24869	1.24127	1.24381	97696
2023.04.07 00:00	1.24381	1.24559	1.23892	1.24121	71751
2023.04.10 00:00	1.24132	1.24428	1.23447	1.23804	98568
2023.04.11 00:00	1.23779	1.24564	1.23779	1.24238	118637
2023.04.12 00:00	1.24199	1.24952	1.23983	1.24793	115271
2023.04.13 00:00	1.24769	1.25375	1.24769	1.2521	114900
2023.04.14 00:00	1.25169	1.25467	1.23992	1.24148	126471
2023.04.17 00:00	1.24141	1.24383	1.23534	1.2375	119753
2023.04.18 00:00	1.23629	1.24499	1.23629	1.24238	106226
2023.04.19 00:00	1.24164	1.24743	1.23923	1.24386	112874
2023.04.20 00:00	1.24349	1.24678	1.24049	1.24425	114577
2023.04.21 00:00	1.24349	1.24482	1.23671	1.2442	108286
2023.04.24 00:00	1.24274	1.24862	1.24107	1.24844	99711
2023.04.25 00:00	1.24684	1.25071	1.23868	1.24048	119814
2023.04.26 00:00	1.24029	1.25156	1.24028	1.24687	136524
2023.04.27 00:00	1.24646	1.24996	1.24364	1.24964	130247
2023.04.28 00:00	1.24846	1.25839	1.24466	1.25659	159576
2023.05.01 00:00	1.25556	1.2569	1.24806	1.24955	112861
2023.05.02 00:00	1.24885	1.25124	1.24357	1.2466	130201
2023.05.03 00:00	1.24569	1.25898	1.24569	1.25624	132022
2023.05.04 00:00	1.25563	1.25989	1.25476	1.25725	159422
2023.05.05 00:00	1.25649	1.26526	1.25596	1.26309	113621
2023.05.08 00:00	1.26332	1.26687	1.26132	1.26181	85367
2023.05.09 00:00	1.26137	1.26397	1.25781	1.26199	110686
2023.05.10 00:00	1.26119	1.26799	1.26025	1.26234	105155
2023.05.11 00:00	1.2621	1.26407	1.24967	1.25085	123967
2023.05.12 00:00	1.25091	1.25409	1.24448	1.24474	99022
2023.05.15 00:00	1.24497	1.25348	1.24441	1.25274	87353
2023.05.16 00:00	1.2517	1.25466	1.24654	1.24861	103877
2023.05.17 00:00	1.24859	1.25105	1.24217	1.24859	110716
2023.05.18 00:00	1.24869	1.24931	1.23916	1.24073	110235
2023.05.19 00:00	1.24081	1.2484	1.23921	1.24425	121870
2023.05.22 00:00	1.24392	1.24725	1.24138	1.24356	110365
2023.05.23 00:00	1.24299	1.24466	1.23732	1.24094	122806
2023.05.24 00:00	1.24069	1.24698	1.23578	1.23625	128499
2023.05.25 00:00	1.23624	1.23871	1.23081	1.23198	117781
2023.05.26 00:00	1.232	1.23953	1.2311	1.23478	116938
2023.05.29 00:00	1.23321	1.2372	1.23316	1.23511	58979
2023.05.30 00:00	1.23477	1.24466	1.2327	1.24131	114605
2023.05.31 00:00	1.23945	1.24443	1.23481	1.24356	117426
2023.06.01 00:00	1.24357	1.25398	1.2401	1.25212	121534
2023.06.02 00:00	1.25209	1.25446	1.24415	1.24478	106847
2023.06.05 00:00	1.24448	1.24485	1.23684	1.24351	109013
2023.06.06 00:00	1.24224	1.24591	1.23918	1.24226	109265
2023.06.07 00:00	1.24215	1.24996	1.23951	1.24358	111952
2023.06.08 00:00	1.243	1.25609	1.24288	1.25589	115185
2023.06.09 00:00	1.25469	1.25904	1.25341	1.25797	110027
2023.06.12 00:00	1.25515	1.25997	1.24871	1.24919	91889
2023.06.13 00:00	1.24974	1.2625	1.24974	1.26108	134526
2023.06.14 00:00	1.26102	1.26993	1.26008	1.26576	128788
2023.06.15 00:00	1.26573	1.27857	1.26296	1.27804	108453
2023.06.16 00:00	1.27749	1.28483	1.27681	1.28186	111816
2023.06.19 00:00	1.28146	1.2837	1.27707	1.2786	82312
2023.06.20 00:00	1.27878	1.28064	1.27137	1.27637	124893
2023.06.21 00:00	1.2752	1.28018	1.26912	1.27636	152306
2023.06.22 00:00	1.27683	1.28365	1.27257	1.27464	141984
2023.06.23 00:00	1.2739	1.27525	1.2684	1.27144	154012
2023.06.26 00:00	1.27083	1.27486	1.2688	1.27096	125081
2023.06.27 00:00	1.27118	1.27594	1.27014	1.27477	132809
2023.06.28 00:00	1.27479	1.2752	1.26066	1.26336	142690
2023.06.29 00:00	1.26347	1.26668	1.25911	1.26114	126094
2023.06.30 00:00	1.26069	1.27274	1.25992	1.26944	125545
2023.07.03 00:00	1.26964	1.27233	1.26585	1.26867	102492
2023.07.04 00:00	1.26879	1.27393	1.2679	1.27074	79314
2023.07.05 00:00	1.27108	1.27354	1.26883	1.27032	106893
2023.07.06 00:00	1.26883	1.27805	1.26737	1.27389	131948
2023.07.07 00:00	1.27326	1.28495	1.27259	1.2838	128398
2023.07.10 00:00	1.28284	1.28683	1.27504	1.28599	105041
2023.07.11 00:00	1.2853	1.29348	1.2853	1.29322	114849
2023.07.12 00:00	1.29304	1.30007	1.29042	1.29864	124591
2023.07.13 00:00	1.29769	1.31411	1.29759	1.31343	133203
2023.07.14 00:00	1.31258	1.31423	1.30893	1.30922	124675
2023.07.17 00:00	1.30913	1.31091	1.30509	1.30717	107050
2023.07.18 00:00	1.30728	1.31259	1.30282	1.30349	131610
2023.07.19 00:00	1.30383	1.30414	1.28678	1.29387	134556
2023.07.20 00:00	1.2935	1.29646	1.28399	1.28667	118868
2023.07.21 00:00	1.28671	1.29044	1.2816	1.28523	115226
2023.07.24 00:00	1.28483	1.28838	1.27978	1.28249	119422
2023.07.25 00:00	1.28224	1.29048	1.28095	1.29011	103735
2023.07.26 00:00	1.28958	1.29604	1.28754	1.294	127425
2023.07.27 00:00	1.29373	1.29958	1.2782	1.27954	147623
2023.07.28 00:00	1.27924	1.28869	1.27631	1.28466	144017
2023.07.31 00:00	1.28461	1.28726	1.28284	1.28328	106849
2023.08.01 00:00	1.28314	1.28411	1.27412	1.27757	97153
2023.08.02 00:00	1.27755	1.28051	1.26804	1.2709	128273
2023.08.03 00:00	1.27071	1.2728	1.26204	1.27067	118344
2023.08.04 00:00	1.27062	1.27923	1.26767	1.27445	119006
2023.08.07 00:00	1.27397	1.27894	1.2713	1.27829	98693
2023.08.08 00:00	1.2782	1.27853	1.26841	1.27461	114492
2023.08.09 00:00	1.27298	1.27823	1.27122	1.27177	93578
2023.08.10 00:00	1.27163	1.28181	1.26698	1.26754	115584
2023.08.11 00:00	1.26671	1.27386	1.26661	1.26928	112999
2023.08.14 00:00	1.26982	1.27147	1.26165	1.26739	121943
2023.08.15 00:00	1.26702	1.27525	1.26702	1.27034	137829
2023.08.16 00:00	1.26966	1.27663	1.2687	1.27304	124192
2023.08.17 00:00	1.27208	1.27877	1.27027	1.27453	124856
2023.08.18 00:00	1.27399	1.27659	1.26893	1.2731	114787
2023.08.21 00:00	1.27255	1.27667	1.27104	1.27554	105042
2023.08.22 00:00	1.27517	1.28005	1.27186	1.27311	103587
2023.08.23 00:00	1.27315	1.27649	1.26148	1.27234	117624
2023.08.24 00:00	1.2716	1.27287	1.25914	1.25974	106448
2023.08.25 00:00	1.25945	1.26544	1.2548	1.25767	114362
2023.08.28 00:00	1.25772	1.26108	1.25656	1.26006	97501
2023.08.29 00:00	1.25961	1.26549	1.25628	1.2644	116674
2023.08.30 00:00	1.2644	1.27461	1.26191	1.27194	110861
2023.08.31 00:00	1.2714	1.27345	1.26526	1.26729	111298
2023.09.01 00:00	1.26569	1.2713	1.25773	1.25851	111946
2023.09.04 00:00	1.25815	1.26426	1.25815	1.26164	62712
2023.09.05 00:00	1.26192	1.26318	1.25283	1.25652	117882
2023.09.06 00:00	1.25651	1.25879	1.24812	1.25063	112763
2023.09.07 00:00	1.2497	1.25084	1.24457	1.24708	104009
2023.09.08 00:00	1.24705	1.25143	1.24512	1.2465	108381
2023.09.11 00:00	1.24664	1.25485	1.2463	1.25074	107422
2023.09.12 00:00	1.25049	1.25303	1.24596	1.24814	98953
2023.09.13 00:00	1.24815	1.25119	1.24336	1.24891	128241
2023.09.14 00:00	1.248	1.25063	1.23966	1.24074	121937
2023.09.15 00:00	1.24102	1.2446	1.23788	1.2381	113201
2023.09.18 00:00	1.23823	1.24105	1.23682	1.23804	87670
2023.09.19 00:00	1.23738	1.24249	1.23701	1.23914	101444
2023.09.20 00:00	1.23839	1.24215	1.23321	1.23422	128780
2023.09.21 00:00	1.23431	1.23451	1.22306	1.22939	122427
2023.09.22 00:00	1.229	1.22955	1.22307	1.22349	115430
2023.09.25 00:00	1.22399	1.22503	1.21937	1.22015	128815
2023.09.26 00:00	1.22003	1.22154	1.21524	1.21562	129929
2023.09.27 00:00	1.21565	1.21644	1.21106	1.21258	124576
2023.09.28 00:00	1.21245	1.22246	1.21201	1.21935	130423
2023.09.29 00:00	1.2191	1.22718	1.21804	1.22019	141513
2023.10.02 00:00	1.21796	1.222	1.20774	1.20774	135654
2023.10.03 00:00	1.20871	1.21019	1.20525	1.20669	129775
2023.10.04 00:00	1.20636	1.21771	1.20374	1.21257	125404
2023.10.05 00:00	1.21351	1.21959	1.21077	1.2182	132240
2023.10.06 00:00	1.21783	1.22615	1.2106	1.22352	142092
2023.10.09 00:00	1.21997	1.22443	1.21631	1.22282	122279
2023.10.10 00:00	1.22289	1.22916	1.22118	1.22764	132352
2023.10.11 00:00	1.22697	1.23374	1.22625	1.23036	125977
2023.10.12 00:00	1.23125	1.23317	1.21651	1.21651	120932
2023.10.13 00:00	1.21719	1.22253	1.21226	1.21396	124909
2023.10.16 00:00	1.213	1.22194	1.213	1.22011	114719
2023.10.17 00:00	1.2209	1.22164	1.2133	1.2173	129316
2023.10.18 00:00	1.21824	1.2211	1.21305	1.21305	134590
2023.10.19 00:00	1.21379	1.21919	1.209	1.21338	160860
2023.10.20 00:00	1.21379	1.21704	1.20932	1.2163	141379
2023.10.23 00:00	1.215	1.22585	1.21434	1.22388	136429
2023.10.24 00:00	1.22404	1.22887	1.21502	1.21502	142933
2023.10.25 00:00	1.21591	1.21759	1.21019	1.21019	136592
2023.10.26 00:00	1.21038	1.21396	1.20696	1.21191	153474
2023.10.27 00:00	1.21264	1.21628	1.21053	1.21184	149792
2023.10.30 00:00	1.21262	1.21746	1.20901	1.2158	122173
2023.10.31 00:00	1.21587	1.22007	1.21196	1.21432	133071
2023.11.01 00:00	1.21431	1.21644	1.20958	1.21411	154375
2023.11.02 00:00	1.21411	1.22254	1.21381	1.2193	141873
2023.11.03 00:00	1.21905	1.23896	1.21844	1.23788	139236
2023.11.06 00:00	1.23589	1.24285	1.23336	1.23336	128313
2023.11.07 00:00	1.23414	1.23472	1.22625	1.22896	135770
2023.11.08 00:00	1.22888	1.23016	1.22418	1.22747	137103
2023.11.09 00:00	1.22834	1.23087	1.22127	1.22127	148957
2023.11.10 00:00	1.22121	1.22378	1.21871	1.22258	139288
2023.11.13 00:00	1.22037	1.22806	1.22032	1.22684	115951
2023.11.14 00:00	1.22706	1.25059	1.22654	1.24895	132134
2023.11.15 00:00	1.24909	1.24996	1.24036	1.24058	143097
2023.11.16 00:00	1.24149	1.24558	1.23765	1.2404	133686
2023.11.17 00:00	1.24048	1.24649	1.23739	1.24609	139708
2023.11.20 00:00	1.24456	1.25176	1.24399	1.24948	140745
2023.11.21 00:00	1.24964	1.25592	1.24944	1.25281	151842
2023.11.22 00:00	1.25285	1.25497	1.24492	1.24839	143454
2023.11.23 00:00	1.24875	1.25706	1.24855	1.25238	90744
2023.11.24 00:00	1.25239	1.26154	1.25239	1.25935	108038
2023.11.27 00:00	1.25921	1.26445	1.25898	1.2617	131291
2023.11.28 00:00	1.26181	1.27151	1.26069	1.26839	143881
2023.11.29 00:00	1.26861	1.27331	1.26647	1.26843	156615
2023.11.30 00:00	1.269	1.27108	1.26036	1.26138	159212
2023.12.01 00:00	1.26153	1.27162	1.26106	1.27102	158930
2023.12.04 00:00	1.26848	1.27245	1.26038	1.26227	168543
2023.12.05 00:00	1.26233	1.26519	1.25774	1.25827	163201
2023.12.06 00:00	1.25867	1.26137	1.25495	1.25495	138627
2023.12.07 00:00	1.25496	1.26125	1.25445	1.25835	169792
2023.12.08 00:00	1.2582	1.26014	1.25023	1.25471	181452
2023.12.11 00:00	1.2525	1.25909	1.25215	1.25452	134913
2023.12.12 00:00	1.25494	1.26153	1.25142	1.25527	139662
2023.12.13 00:00	1.25577	1.26346	1.25003	1.26082	158159
2023.12.14 00:00	1.26099	1.27941	1.26075	1.27562	195061
2023.12.15 00:00	1.27564	1.27751	1.26685	1.26783	165292
2023.12.18 00:00	1.26803	1.2704	1.26287	1.26376	143701
2023.12.19 00:00	1.26422	1.27619	1.26299	1.27212	144591
2023.12.20 00:00	1.27228	1.27327	1.26249	1.2629	151227
2023.12.21 00:00	1.26289	1.26959	1.26124	1.26794	162309
2023.12.22 00:00	1.26809	1.27442	1.26675	1.26959	150495
2023.12.27 00:00	1.27087	1.28025	1.26986	1.27883	112711
2023.12.28 00:00	1.27886	1.28279	1.27125	1.27232	123906
2023.12.29 00:00	1.27261	1.27727	1.27005	1.2731	127689
2024.01.02 00:00	1.27201	1.27599	1.26064	1.26071	161778
2024.01.03 00:00	1.26109	1.26765	1.25969	1.26547	174741
2024.01.04 00:00	1.26561	1.27299	1.26525	1.2672	158892
2024.01.05 00:00	1.267	1.2771	1.26113	1.27174	179753
2024.01.08 00:00	1.27105	1.27671	1.26733	1.27384	133989
2024.01.09 00:00	1.27419	1.27651	1.26895	1.27092	138189
2024.01.10 00:00	1.26965	1.27441	1.26863	1.27323	122363
2024.01.11 00:00	1.27257	1.27797	1.26902	1.27489	182025
2024.01.12 00:00	1.27471	1.27856	1.27195	1.2753	168128
2024.01.15 00:00	1.27385	1.27653	1.2713	1.27179	105062
2024.01.16 00:00	1.27259	1.27286	1.26194	1.26362	176329
2024.01.17 00:00	1.26284	1.26964	1.25965	1.26761	166978
2024.01.18 00:00	1.26719	1.27081	1.26481	1.27056	167500
2024.01.19 00:00	1.26977	1.27146	1.26615	1.2703	143689
2024.01.22 00:00	1.26808	1.27327	1.26774	1.27088	126145
2024.01.23 00:00	1.27002	1.2747	1.26491	1.26865	139487
2024.01.24 00:00	1.26715	1.27749	1.26699	1.27252	149699
2024.01.25 00:00	1.27158	1.27427	1.26816	1.27075	156196
2024.01.26 00:00	1.26976	1.27584	1.26755	1.27002	128257
2024.01.29 00:00	1.26947	1.27188	1.26621	1.27079	124326
2024.01.30 00:00	1.27029	1.27211	1.26403	1.26984	125620
2024.01.31 00:00	1.26985	1.27506	1.26579	1.26873	187336
2024.02.01 00:00	1.26736	1.27556	1.26253	1.27432	174829
2024.02.02 00:00	1.27406	1.27723	1.2614	1.26302	152156
2024.02.05 00:00	1.26248	1.26324	1.25184	1.25324	145670
2024.02.06 00:00	1.25286	1.26032	1.25256	1.25964	142917
2024.02.07 00:00	1.25934	1.26418	1.25858	1.26249	136424
2024.02.08 00:00	1.26205	1.26386	1.25717	1.26174	132358
2024.02.09 00:00	1.26136	1.2643	1.25992	1.26278	128739
2024.02.12 00:00	1.26167	1.26546	1.2606	1.26287	120899
2024.02.13 00:00	1.26226	1.26906	1.25729	1.2592	151576
2024.02.14 00:00	1.2583	1.2611	1.25353	1.2565	150364
2024.02.15 00:00	1.25576	1.2602	1.25418	1.25997	138057
2024.02.16 00:00	1.25872	1.26242	1.25506	1.26001	144688
2024.02.19 00:00	1.25982	1.26296	1.25833	1.25939	92614
2024.02.20 00:00	1.25838	1.26685	1.25793	1.26221	150891
2024.02.21 00:00	1.26208	1.26418	1.26025	1.26367	149436
2024.02.22 00:00	1.2637	1.27094	1.26115	1.26601	149091
2024.02.23 00:00	1.26602	1.27014	1.26482	1.26698	149084
2024.02.26 00:00	1.26631	1.26997	1.26567	1.26848	142709
2024.02.27 00:00	1.26742	1.26967	1.26603	1.26842	176720
2024.02.28 00:00	1.26823	1.26868	1.26216	1.26612	173840
2024.02.29 00:00	1.26541	1.2682	1.26126	1.26245	209532
2024.03.01 00:00	1.26125	1.26638	1.25997	1.26491	195983
2024.03.04 00:00	1.26471	1.27065	1.26468	1.26918	147088
2024.03.05 00:00	1.26895	1.27349	1.26711	1.27037	161766
2024.03.06 00:00	1.26978	1.27614	1.26899	1.27308	190539
2024.03.07 00:00	1.27307	1.2811	1.27222	1.28084	177849
2024.03.08 00:00	1.28056	1.28937	1.28011	1.28561	150716
2024.03.11 00:00	1.28467	1.28616	1.27951	1.28136	160238
2024.03.12 00:00	1.28019	1.28235	1.2746	1.27924	170488
2024.03.13 00:00	1.27902	1.28112	1.27745	1.27968	154804
2024.03.14 00:00	1.27952	1.28228	1.27306	1.27533	166326
2024.03.15 00:00	1.27528	1.27586	1.27251	1.27331	154305
2024.03.18 00:00	1.27304	1.27467	1.27177	1.27283	103106
2024.03.19 00:00	1.27292	1.27328	1.26676	1.27208	157590
2024.03.20 00:00	1.27168	1.2787	1.26845	1.27853	152930
2024.03.21 00:00	1.27804	1.28035	1.26504	1.26588	184168
2024.03.22 00:00	1.26556	1.26748	1.25751	1.25996	150201
2024.03.25 00:00	1.25971	1.26523	1.25902	1.26364	117874
2024.03.26 00:00	1.26364	1.26679	1.26219	1.26278	120674
2024.03.27 00:00	1.2627	1.26409	1.26054	1.26402	130963
2024.03.28 00:00	1.26271	1.26545	1.25857	1.26237	128415
2024.03.29 00:00	1.26222	1.26451	1.26098	1.26165	44750
2024.04.01 00:00	1.2624	1.2642	1.25394	1.25512	116473
2024.04.02 00:00	1.2548	1.25783	1.25395	1.25773	121738
2024.04.03 00:00	1.25684	1.26559	1.25625	1.26517	141140
2024.04.04 00:00	1.26517	1.26835	1.26352	1.26421	127919
2024.04.05 00:00	1.2637	1.26486	1.25744	1.26368	154358
2024.04.08 00:00	1.26209	1.26638	1.26133	1.26545	126016
2024.04.09 00:00	1.26431	1.27092	1.26431	1.26774	130372
2024.04.10 00:00	1.26762	1.27079	1.25201	1.25398	156342
2024.04.11 00:00	1.25299	1.25787	1.25108	1.25521	167107
2024.04.12 00:00	1.25526	1.25587	1.24266	1.24488	166993
2024.04.15 00:00	1.24412	1.24988	1.24302	1.24455	190097
2024.04.16 00:00	1.24404	1.24718	1.24055	1.24263	188102
2024.04.17 00:00	1.24222	1.24819	1.24171	1.24538	174241
2024.04.18 00:00	1.24464	1.24846	1.24335	1.24363	152215
2024.04.19 00:00	1.2436	1.24682	1.23668	1.23685	184702
2024.04.22 00:00	1.23691	1.23924	1.22995	1.23485	139068
2024.04.23 00:00	1.23481	1.24584	1.23318	1.24485	152282
2024.04.24 00:00	1.24411	1.247	1.24226	1.24634	130046
2024.04.25 00:00	1.24635	1.25251	1.24503	1.25129	168070
2024.04.26 00:00	1.25108	1.25405	1.2449	1.2493	162026
2024.04.29 00:00	1.24755	1.25694	1.24617	1.25623	165659
2024.04.30 00:00	1.25554	1.25641	1.24898	1.24918	158807
2024.05.01 00:00	1.24835	1.25501	1.24663	1.25258	159217
2024.05.02 00:00	1.25199	1.25444	1.24717	1.25339	178446
2024.05.03 00:00	1.25233	1.26342	1.25165	1.25466	176064
2024.05.06 00:00	1.25375	1.25944	1.25365	1.25617	121189
2024.05.07 00:00	1.25583	1.25707	1.25008	1.25085	125136
2024.05.08 00:00	1.25037	1.25112	1.24676	1.24974	117923
2024.05.09 00:00	1.24893	1.25266	1.24457	1.25236	133335
2024.05.10 00:00	1.25161	1.25414	1.25024	1.25245	125715
2024.05.13 00:00	1.25139	1.25688	1.25096	1.2559	110794
2024.05.14 00:00	1.25542	1.25929	1.25093	1.25911	128495
2024.05.15 00:00	1.25914	1.26863	1.25769	1.26852	126910
2024.05.16 00:00	1.26803	1.27007	1.26432	1.2669	113723
2024.05.17 00:00	1.26627	1.27119	1.26448	1.2701	97556
2024.05.20 00:00	1.27037	1.27255	1.26892	1.27057	85802
2024.05.21 00:00	1.26972	1.27269	1.26866	1.27085	107129
2024.05.22 00:00	1.27033	1.27613	1.27001	1.27164	124243
2024.05.23 00:00	1.2714	1.27465	1.26854	1.26977	148520
2024.05.24 00:00	1.26912	1.27509	1.26753	1.27374	129842
2024.05.27 00:00	1.2735	1.27776	1.27335	1.27681	71340
2024.05.28 00:00	1.27677	1.28007	1.27541	1.27612	129700
2024.05.29 00:00	1.27571	1.27761	1.26991	1.27008	142239
2024.05.30 00:00	1.26999	1.27472	1.2681	1.27317	126400
2024.05.31 00:00	1.27309	1.27661	1.27003	1.27423	150184
2024.06.03 00:00	1.27434	1.28084	1.26944	1.28073	133305
2024.06.04 00:00	1.28058	1.28177	1.2743	1.277	144861
2024.06.05 00:00	1.27653	1.27952	1.27554	1.27861	122339
2024.06.06 00:00	1.27825	1.2809	1.27625	1.27899	111710
2024.06.07 00:00	1.27878	1.28115	1.27157	1.27182	132311
2024.06.10 00:00	1.2728	1.27372	1.26879	1.27306	109177
2024.06.11 00:00	1.27243	1.27516	1.27058	1.27399	120084
2024.06.12 00:00	1.27399	1.28605	1.2732	1.2798	159578
2024.06.13 00:00	1.27954	1.28075	1.27383	1.27618	136038
2024.06.14 00:00	1.27606	1.27635	1.26569	1.2687	159014
2024.06.17 00:00	1.26821	1.27096	1.26589	1.27048	107057
2024.06.18 00:00	1.27033	1.2721	1.2669	1.27085	139926
2024.06.19 00:00	1.27045	1.27399	1.26998	1.2713	90965
2024.06.20 00:00	1.27128	1.27234	1.26547	1.2657	126708
2024.06.21 00:00	1.26553	1.26744	1.26224	1.26416	103707
2024.06.24 00:00	1.26347	1.26978	1.26328	1.26765	107463
2024.06.25 00:00	1.26786	1.27025	1.26703	1.26858	113783
2024.06.26 00:00	1.26778	1.26936	1.26156	1.26211	126694
2024.06.27 00:00	1.2615	1.26706	1.26127	1.26389	128066
2024.06.28 00:00	1.26357	1.26624	1.26197	1.26447	149659
2024.07.01 00:00	1.26489	1.27092	1.26335	1.26498	133255
2024.07.02 00:00	1.26417	1.26878	1.26156	1.26849	116403
2024.07.03 00:00	1.26848	1.27772	1.2674	1.27401	108302
2024.07.04 00:00	1.27385	1.27675	1.27385	1.27584	65312
2024.07.05 00:00	1.2759	1.2817	1.27541	1.28143	118214
2024.07.08 00:00	1.27958	1.28456	1.2789	1.28062	105365
2024.07.09 00:00	1.28056	1.28253	1.27779	1.27859	105238
2024.07.10 00:00	1.27789	1.28487	1.27786	1.28479	99083
2024.07.11 00:00	1.28478	1.29492	1.28469	1.29137	126714
2024.07.12 00:00	1.29073	1.29907	1.29021	1.29883	135833
2024.07.15 00:00	1.29649	1.29947	1.29619	1.2967	117598
2024.07.16 00:00	1.29658	1.29798	1.29383	1.29733	127300
2024.07.17 00:00	1.29733	1.30444	1.29655	1.30077	144407
2024.07.18 00:00	1.30056	1.30128	1.29404	1.29434	150048
2024.07.19 00:00	1.29433	1.29511	1.29011	1.29121	139631
2024.07.22 00:00	1.2911	1.29422	1.29055	1.29323	141592
2024.07.23 00:00	1.29307	1.29349	1.2888	1.2907	129164
2024.07.24 00:00	1.28995	1.29374	1.28777	1.29059	132484
2024.07.25 00:00	1.29037	1.29136	1.28499	1.28505	187081
2024.07.26 00:00	1.28506	1.28779	1.28475	1.28666	128542
2024.07.29 00:00	1.28679	1.28882	1.28067	1.28611	122953
2024.07.30 00:00	1.2855	1.28661	1.282	1.28346	120501
2024.07.31 00:00	1.28268	1.28643	1.28202	1.28557	193399
2024.08.01 00:00	1.28486	1.2863	1.27269	1.27351	180405
2024.08.02 00:00	1.27428	1.28401	1.27072	1.28071	196222
2024.08.05 00:00	1.27912	1.28168	1.27103	1.27763	330562
2024.08.06 00:00	1.27763	1.28031	1.26728	1.26908	276493
2024.08.07 00:00	1.26912	1.27358	1.26807	1.26885	213532
2024.08.08 00:00	1.26791	1.27523	1.26649	1.27461	190390
2024.08.09 00:00	1.27405	1.27736	1.27262	1.27576	150974
2024.08.12 00:00	1.27602	1.27939	1.27526	1.27597	146266
2024.08.13 00:00	1.27594	1.2873	1.27594	1.28594	173208
2024.08.14 00:00	1.28579	1.28682	1.28148	1.28244	180816
2024.08.15 00:00	1.28288	1.28716	1.27984	1.28532	164721
2024.08.16 00:00	1.28507	1.29459	1.28483	1.29433	120569
2024.08.19 00:00	1.29457	1.29972	1.29399	1.29869	153431
2024.08.20 00:00	1.29857	1.30523	1.29743	1.30329	166377
2024.08.21 00:00	1.30335	1.31195	1.30107	1.30824	182577
2024.08.22 00:00	1.30841	1.31299	1.30766	1.30853	176555
2024.08.23 00:00	1.3086	1.323	1.30838	1.32126	185495
2024.08.26 00:00	1.32111	1.32222	1.31799	1.31854	160845
2024.08.27 00:00	1.31839	1.32665	1.31799	1.32593	171810
2024.08.28 00:00	1.32538	1.32625	1.31674	1.31903	186249
2024.08.29 00:00	1.31922	1.32269	1.31454	1.31657	186114
2024.08.30 00:00	1.31623	1.31998	1.31096	1.31253	177502
2024.09.02 00:00	1.3126	1.31549	1.312	1.3141	98081
2024.09.03 00:00	1.31414	1.31489	1.30874	1.31128	182768
2024.09.04 00:00	1.311	1.31751	1.31006	1.31448	168916
2024.09.05 00:00	1.31407	1.31853	1.31369	1.31774	165835
2024.09.06 00:00	1.31769	1.32386	1.31099	1.31274	220449
2024.09.09 00:00	1.31382	1.31431	1.30675	1.30736	158141
2024.09.10 00:00	1.30713	1.31074	1.30494	1.30798	159616
2024.09.11 00:00	1.30703	1.31112	1.30018	1.30426	190483
2024.09.12 00:00	1.30439	1.31271	1.3032	1.31237	183227
2024.09.13 00:00	1.31237	1.31578	1.31148	1.31219	174934
2024.09.16 00:00	1.31312	1.3218	1.31305	1.32158	149184
2024.09.17 00:00	1.32119	1.32297	1.3146	1.31606	172112
2024.09.18 00:00	1.31529	1.32977	1.31466	1.32134	210169
2024.09.19 00:00	1.32015	1.33141	1.31535	1.32828	247198
2024.09.20 00:00	1.32759	1.33402	1.32682	1.3319	206963
2024.09.23 00:00	1.33166	1.33592	1.32483	1.33464	184073
2024.09.24 00:00	1.33393	1.34158	1.33317	1.34107	199569
2024.09.25 00:00	1.34127	1.34296	1.33122	1.33217	214744
2024.09.26 00:00	1.33177	1.34341	1.33123	1.34149	214311
2024.09.27 00:00	1.34087	1.34277	1.33598	1.3372	211973
2024.09.30 00:00	1.3367	1.34231	1.33499	1.33742	205759
2024.10.01 00:00	1.33644	1.33893	1.32371	1.32855	259609
2024.10.02 00:00	1.32805	1.33054	1.32457	1.32666	195369
2024.10.03 00:00	1.32576	1.32803	1.3092	1.31237	245523
2024.10.04 00:00	1.31158	1.3175	1.30695	1.31242	223205
2024.10.07 00:00	1.31079	1.31343	1.30591	1.30826	181847
2024.10.08 00:00	1.30735	1.31133	1.3064	1.31034	175375
2024.10.09 00:00	1.30907	1.31043	1.30557	1.30695	152872
2024.10.10 00:00	1.30633	1.30937	1.30141	1.30578	176112
2024.10.11 00:00	1.30482	1.30829	1.30416	1.30628	117734
2024.10.14 00:00	1.30586	1.30717	1.30299	1.30586	118821
2024.10.15 00:00	1.30499	1.31027	1.30353	1.30731	142336
2024.10.16 00:00	1.30695	1.30772	1.29769	1.29892	142343
2024.10.17 00:00	1.29832	1.30234	1.29737	1.30105	157103
2024.10.18 00:00	1.30031	1.30712	1.30012	1.30479	132943
2024.10.21 00:00	1.30413	1.30578	1.29768	1.29844	120517
2024.10.22 00:00	1.29796	1.30152	1.29444	1.29833	135388
2024.10.23 00:00	1.2973	1.29949	1.29072	1.29213	134603
2024.10.24 00:00	1.29106	1.29881	1.29088	1.29752	153972
2024.10.25 00:00	1.29653	1.29985	1.29558	1.2961	129015
2024.10.28 00:00	1.29682	1.30014	1.29397	1.29714	127540
2024.10.29 00:00	1.29684	1.30166	1.2958	1.30139	150978
2024.10.30 00:00	1.30143	1.30432	1.29369	1.29614	174081
2024.10.31 00:00	1.29604	1.29995	1.28435	1.28985	183708
2024.11.01 00:00	1.29002	1.29802	1.28844	1.29152	159587
2024.11.04 00:00	1.29658	1.29985	1.29341	1.29557	170560
2024.11.05 00:00	1.29488	1.30426	1.2948	1.304	126790
2024.11.06 00:00	1.30331	1.30475	1.2834	1.28788	409555
2024.11.07 00:00	1.28711	1.30093	1.28709	1.29855	240554
2024.11.08 00:00	1.29844	1.29888	1.28835	1.29171	194144
2024.11.11 00:00	1.29079	1.29259	1.28558	1.2868	143800
2024.11.12 00:00	1.28602	1.28733	1.27191	1.27476	206066
2024.11.13 00:00	1.27404	1.27694	1.26863	1.27075	211397
2024.11.14 00:00	1.26989	1.27201	1.26297	1.26652	224942
2024.11.15 00:00	1.26636	1.26969	1.25971	1.26179	226640
2024.11.18 00:00	1.26173	1.26865	1.26052	1.26785	176247
2024.11.19 00:00	1.2669	1.26894	1.26131	1.26817	199373
2024.11.20 00:00	1.26758	1.27146	1.26308	1.26509	171566
2024.11.21 00:00	1.26474	1.26602	1.25762	1.25887	191151
2024.11.22 00:00	1.25829	1.25941	1.24872	1.25319	226357
2024.11.25 00:00	1.25916	1.26134	1.25415	1.25677	206850
2024.11.26 00:00	1.25673	1.26163	1.25069	1.25688	251812
2024.11.27 00:00	1.25671	1.26946	1.25665	1.26787	213601
2024.11.28 00:00	1.26713	1.26911	1.2645	1.26846	130148
2024.11.29 00:00	1.26796	1.27501	1.26718	1.27295	207273
2024.12.02 00:00	1.27199	1.27339	1.26171	1.26487	238063
2024.12.03 00:00	1.26473	1.26997	1.26364	1.26723	189012
2024.12.04 00:00	1.26735	1.27214	1.26297	1.27003	204664
2024.12.05 00:00	1.27009	1.27708	1.26927	1.27582	157094
2024.12.06 00:00	1.2753	1.28113	1.27212	1.2737	179222
2024.12.09 00:00	1.27304	1.27989	1.27169	1.27501	152654
2024.12.10 00:00	1.2744	1.2778	1.27238	1.27715	160008
2024.12.11 00:00	1.27639	1.27815	1.27131	1.27497	190428
2024.12.12 00:00	1.27457	1.2788	1.26665	1.26724	200186
2024.12.13 00:00	1.26698	1.26791	1.26082	1.26144	158455
2024.12.16 00:00	1.26121	1.26988	1.26097	1.2682	139705
2024.12.17 00:00	1.26801	1.27286	1.2666	1.27088	150727
2024.12.18 00:00	1.27031	1.27254	1.25622	1.25731	202625
2024.12.19 00:00	1.25667	1.26669	1.24951	1.25008	243448
2024.12.20 00:00	1.24959	1.26141	1.24749	1.25643	200136
2024.12.23 00:00	1.256	1.25882	1.25097	1.25306	133895
2024.12.24 00:00	1.25281	1.25747	1.25188	1.25324	96245
2024.12.26 00:00	1.25466	1.25503	1.25009	1.25193	96385
2024.12.27 00:00	1.25195	1.25926	1.25048	1.25708	136761
2024.12.30 00:00	1.2573	1.26073	1.25064	1.25387	134469
2024.12.31 00:00	1.25405	1.25692	1.25054	1.25131	142645
2025.01.02 00:00	1.2511	1.25404	1.23521	1.23706	132097
2025.01.03 00:00	1.23668	1.2434	1.23643	1.24192	113230
2025.01.06 00:00	1.2421	1.25509	1.24114	1.25133	198132
2025.01.07 00:00	1.25113	1.25759	1.24763	1.24766	176762
2025.01.08 00:00	1.24714	1.2494	1.23206	1.23605	193432
2025.01.09 00:00	1.23572	1.23662	1.22383	1.23035	168336
2025.01.10 00:00	1.23018	1.23218	1.21911	1.22026	220546
2025.01.13 00:00	1.22103	1.22103	1.20994	1.21974	209496
2025.01.14 00:00	1.21953	1.22503	1.2137	1.22087	216534
2025.01.15 00:00	1.22095	1.23063	1.21553	1.22324	188079
2025.01.16 00:00	1.22338	1.22605	1.21747	1.22351	207795
2025.01.17 00:00	1.22325	1.22442	1.21605	1.21675	172848
2025.01.20 00:00	1.21702	1.23444	1.21598	1.232	188986
2025.01.21 00:00	1.23221	1.236	1.22293	1.23467	234028
2025.01.22 00:00	1.23431	1.23766	1.23071	1.2309	141885
2025.01.23 00:00	1.23094	1.23755	1.22933	1.23514	123678
2025.01.24 00:00	1.23454	1.25018	1.23452	1.24805	137867
2025.01.27 00:00	1.24667	1.25231	1.24256	1.24952	148234
2025.01.28 00:00	1.2495	1.24978	1.24143	1.244	133979
2025.01.29 00:00	1.24369	1.2463	1.2393	1.24442	147593
2025.01.30 00:00	1.24392	1.24766	1.24074	1.24125	124994
2025.01.31 00:00	1.24115	1.24716	1.23858	1.23908	138681
2025.02.03 00:00	1.22817	1.24553	1.22491	1.24497	214590
2025.02.04 00:00	1.24488	1.24931	1.23789	1.24781	120854
2025.02.05 00:00	1.24716	1.25498	1.24631	1.25048	102242
2025.02.06 00:00	1.25048	1.25095	1.23601	1.24322	101461
2025.02.07 00:00	1.24296	1.24928	1.23757	1.23993	115599
2025.02.10 00:00	1.23703	1.24221	1.23629	1.23665	86976
2025.02.11 00:00	1.23625	1.24546	1.23324	1.24456	82832
2025.02.12 00:00	1.24343	1.24835	1.23754	1.24434	118561
2025.02.13 00:00	1.24378	1.25681	1.24359	1.25653	131444
2025.02.14 00:00	1.25559	1.26303	1.25472	1.25856	97167
2025.02.17 00:00	1.25854	1.26348	1.25782	1.26242	74520
2025.02.18 00:00	1.26152	1.26244	1.25821	1.26122	89820
2025.02.19 00:00	1.26054	1.26387	1.25629	1.25856	102934
2025.02.20 00:00	1.25759	1.26713	1.25749	1.26685	104607
2025.02.21 00:00	1.26633	1.26785	1.26247	1.26339	107533
2025.02.24 00:00	1.26297	1.26904	1.26119	1.26239	115713
2025.02.25 00:00	1.26214	1.26775	1.26057	1.26628	116826
2025.02.26 00:00	1.26606	1.27157	1.2635	1.26727	112114
2025.02.27 00:00	1.26713	1.26886	1.25977	1.25996	118863
2025.02.28 00:00	1.2593	1.26218	1.2559	1.25761	120365
2025.03.03 00:00	1.2577	1.27246	1.25604	1.27003	136802
2025.03.04 00:00	1.26937	1.27995	1.26785	1.27947	156243
2025.03.05 00:00	1.27902	1.29006	1.27673	1.28935	170370
2025.03.06 00:00	1.289	1.29236	1.28656	1.28767	165914
2025.03.07 00:00	1.28752	1.29445	1.28718	1.29204	140023
2025.03.10 00:00	1.29224	1.29464	1.28612	1.2877	133932
2025.03.11 00:00	1.28757	1.29656	1.28642	1.29521	143145
2025.03.12 00:00	1.29517	1.29875	1.29132	1.29675	119940
2025.03.13 00:00	1.2967	1.29733	1.29208	1.29441	108647
2025.03.14 00:00	1.29438	1.29585	1.29108	1.29352	112277
2025.03.17 00:00	1.2919	1.29987	1.29178	1.29895	80845
2025.03.18 00:00	1.29879	1.30097	1.29512	1.30007	87648
2025.03.19 00:00	1.29981	1.30111	1.29548	1.30019	94241
2025.03.20 00:00	1.29938	1.30148	1.29357	1.29654	87811
2025.03.21 00:00	1.29646	1.29703	1.28876	1.29181	81753
2025.03.24 00:00	1.28901	1.2974	1.2888	1.29224	96708
2025.03.25 00:00	1.2917	1.29666	1.29017	1.29433	80159
2025.03.26 00:00	1.2943	1.29491	1.28742	1.28878	91397
2025.03.27 00:00	1.28843	1.2992	1.28693	1.29476	100830
2025.03.28 00:00	1.29427	1.29681	1.29222	1.29381	86716
2025.03.31 00:00	1.2933	1.29726	1.28861	1.29168	108603
2025.04.01 00:00	1.29093	1.29406	1.2879	1.29222	104176
2025.04.02 00:00	1.29166	1.30249	1.29002	1.3	106056
2025.04.03 00:00	1.30003	1.32069	1.29698	1.30991	215113
2025.04.04 00:00	1.30909	1.31135	1.28532	1.28998	260291
2025.04.07 00:00	1.28336	1.29336	1.27083	1.27141	310501
2025.04.08 00:00	1.27152	1.28144	1.27135	1.2764	200479
2025.04.09 00:00	1.27548	1.28638	1.2743	1.28117	286442
2025.04.10 00:00	1.28042	1.29958	1.28021	1.29634	233228
2025.04.11 00:00	1.29649	1.31448	1.29616	1.30866	285235
2025.04.14 00:00	1.30843	1.32012	1.30616	1.3189	180460
2025.04.15 00:00	1.31816	1.32515	1.31638	1.32276	135491
2025.04.16 00:00	1.32215	1.32921	1.32118	1.32348	150347
2025.04.17 00:00	1.32352	1.32731	1.32024	1.32647	130078
2025.04.18 00:00	1.32525	1.32989	1.32493	1.32926	529716
2025.04.21 00:00	1.32718	1.3422	1.32706	1.33769	122601
2025.04.22 00:00	1.3367	1.34238	1.33254	1.33263	130557
2025.04.23 00:00	1.3326	1.3339	1.32337	1.325	158304
2025.04.24 00:00	1.32476	1.33486	1.32464	1.33377	104607
2025.04.25 00:00	1.33318	1.33406	1.32739	1.33082	89660
2025.04.28 00:00	1.33008	1.34435	1.32799	1.34373	97291
2025.04.29 00:00	1.34312	1.34439	1.33804	1.34007	91355
2025.04.30 00:00	1.33963	1.34147	1.33089	1.33252	104312
2025.05.01 00:00	1.33212	1.33454	1.32602	1.32699	92136
2025.05.02 00:00	1.32688	1.33305	1.32585	1.32693	112505
2025.05.05 00:00	1.32582	1.33365	1.32541	1.32904	86894
2025.05.06 00:00	1.32893	1.34026	1.32601	1.33682	97739
2025.05.07 00:00	1.33732	1.33734	1.33595	1.33604	526
